IRDFF v 1.05, 9 October 2014
Al-27(n,a)                              
 3249265.00 0.0000E+00 0.0000E+00
 4250000.00 5.3073E-13 1.0775E-13
 4500000.00 2.8000E-08 5.6848E-09
 4638899.00 1.4393E-06 2.9221E-07
 4642116.00 1.4911E-06 3.0274E-07
 4644190.00 1.5250E-06 3.0962E-07
 4750000.00 3.7345E-06 7.5820E-07
 4816437.00 5.7207E-06 1.1615E-06
 5000000.00 1.3389E-05 2.7182E-06
 5162467.00 5.2325E-05 1.0623E-05
 5203279.00 6.5091E-05 1.3215E-05
 5250000.00 8.1081E-05 1.6462E-05
 5500000.00 2.2503E-04 4.5687E-05
 5600000.00 3.7323E-04 7.5776E-05
 5700000.00 5.6563E-04 1.1484E-04
 5800001.00 8.1107E-04 1.6467E-04
 5900001.00 1.1216E-03 2.2771E-04
 6000000.00 1.5139E-03 3.0737E-04
 6100000.00 2.0122E-03 4.1288E-05
 6200001.00 2.6505E-03 5.4385E-05
 6300001.00 3.4754E-03 7.1310E-05
 6400001.00 4.5442E-03 9.3242E-05
 6500000.00 5.9140E-03 1.2135E-04
 6600000.00 7.6157E-03 1.3512E-04
 6700001.00 9.6216E-03 1.7071E-04
 6800001.00 1.1835E-02 1.9603E-04
 6900001.00 1.4128E-02 2.3399E-04
 7000000.00 1.6398E-02 2.7160E-04
 7100001.00 1.8609E-02 2.7047E-04
 7200001.00 2.0777E-02 3.0197E-04
 7210001.00 2.0992E-02 3.0511E-04
 7220001.00 2.1208E-02 3.0825E-04
 7230000.00 2.1424E-02 3.1138E-04
 7240001.00 2.1640E-02 3.1452E-04
 7250000.00 2.1856E-02 3.1766E-04
 7260001.00 2.2072E-02 2.5769E-04
 7270000.00 2.2289E-02 2.6022E-04
 7280001.00 2.2505E-02 2.6274E-04
 7290000.00 2.2722E-02 2.6528E-04
 7300001.00 2.2939E-02 2.6782E-04
 7310000.00 2.3157E-02 2.7036E-04
 7320001.00 2.3375E-02 2.7290E-04
 7330001.00 2.3594E-02 2.7545E-04
 7340001.00 2.3813E-02 2.7801E-04
 7350001.00 2.4032E-02 2.8057E-04
 7360001.00 2.4252E-02 2.8314E-04
 7370001.00 2.4473E-02 2.8572E-04
 7380001.00 2.4694E-02 2.8830E-04
 7390001.00 2.4916E-02 2.9089E-04
 7400001.00 2.5138E-02 2.9349E-04
 7410001.00 2.5361E-02 2.9609E-04
 7420001.00 2.5585E-02 2.9870E-04
 7430011.00 2.5810E-02 3.0133E-04
 7440011.00 2.6035E-02 3.0396E-04
 7450011.00 2.6261E-02 3.0660E-04
 7460011.00 2.6488E-02 3.0924E-04
 7470011.00 2.6716E-02 3.1190E-04
 7480011.00 2.6944E-02 3.1457E-04
 7490011.00 2.7174E-02 3.1725E-04
 7500010.00 2.7404E-02 2.7710E-04
 7510011.00 2.7635E-02 2.7943E-04
 7520010.00 2.7867E-02 2.8178E-04
 7530011.00 2.8100E-02 2.8413E-04
 7540010.00 2.8333E-02 2.8650E-04
 7550011.00 2.8568E-02 2.8887E-04
 7560011.00 2.8803E-02 2.9125E-04
 7570011.00 2.9040E-02 2.9364E-04
 7580011.00 2.9277E-02 2.9604E-04
 7590011.00 2.9516E-02 2.9845E-04
 7600011.00 2.9755E-02 3.0087E-04
 7610011.00 2.9995E-02 3.0330E-04
 7620011.00 3.0236E-02 3.0574E-04
 7630011.00 3.0479E-02 3.0819E-04
 7640011.00 3.0722E-02 3.1065E-04
 7650011.00 3.0966E-02 3.1312E-04
 7660011.00 3.1211E-02 3.1560E-04
 7670011.00 3.1457E-02 3.1808E-04
 7680011.00 3.1704E-02 3.2058E-04
 7690011.00 3.1952E-02 3.2309E-04
 7700011.00 3.2201E-02 3.2560E-04
 7710011.00 3.2451E-02 3.2813E-04
 7720011.00 3.2701E-02 3.3067E-04
 7730011.00 3.2953E-02 3.3321E-04
 7740011.00 3.3206E-02 3.3577E-04
 7750010.00 3.3459E-02 3.1302E-04
 7760011.00 3.3714E-02 3.1540E-04
 7770010.00 3.3969E-02 3.1779E-04
 7780011.00 3.4226E-02 3.2019E-04
 7790011.00 3.4483E-02 3.2260E-04
 7800001.00 3.4741E-02 3.2501E-04
 7900001.00 3.7371E-02 3.4961E-04
 8000001.00 4.0080E-02 3.5348E-04
 8100000.00 4.2856E-02 3.7796E-04
 8200001.00 4.5684E-02 4.0290E-04
 8300001.00 4.8547E-02 4.1800E-04
 8400001.00 5.1430E-02 4.4283E-04
 8500001.00 5.4316E-02 4.7013E-04
 8600000.00 5.7189E-02 4.9499E-04
 8700001.00 6.0035E-02 5.1963E-04
 8800001.00 6.2840E-02 5.4906E-04
 8900001.00 6.5593E-02 5.7312E-04
 9000001.00 6.8283E-02 5.9848E-04
 9100000.00 7.0903E-02 6.2144E-04
 9200001.00 7.3446E-02 6.4373E-04
 9300001.00 7.5907E-02 6.6697E-04
 9400011.00 7.8283E-02 6.8784E-04
 9500010.00 8.0572E-02 7.1559E-04
 9600011.00 8.2774E-02 7.3514E-04
 9700011.00 8.4889E-02 7.5393E-04
 9800011.00 8.6919E-02 7.8821E-04
 9900011.00 8.8866E-02 8.0586E-04
 10000000.0 9.0733E-02 8.2279E-04
 10100000.0 9.2523E-02 8.6065E-04
 10200000.0 9.4239E-02 8.7661E-04
 10300000.0 9.5885E-02 9.1242E-04
 10400000.0 9.7465E-02 9.2745E-04
 10500000.0 9.8982E-02 9.4189E-04
 10600000.0 1.0044E-01 9.7055E-04
 10700000.0 1.0184E-01 9.8409E-04
 10800000.0 1.0319E-01 1.0045E-03
 10900000.0 1.0449E-01 1.0172E-03
 11000000.0 1.0575E-01 1.0294E-03
 11100000.0 1.0695E-01 1.0433E-03
 11200000.0 1.0812E-01 1.0547E-03
 11300000.0 1.0925E-01 1.0670E-03
 11400000.0 1.1034E-01 1.0776E-03
 11500000.0 1.1140E-01 1.0879E-03
 11600000.0 1.1242E-01 1.1034E-03
 11700000.0 1.1341E-01 1.1131E-03
 11800000.0 1.1437E-01 1.1363E-03
 11900000.0 1.1530E-01 1.1455E-03
 12000000.0 1.1620E-01 1.1545E-03
 12100000.0 1.1708E-01 1.1925E-03
 12200000.0 1.1793E-01 1.2012E-03
 12300000.0 1.1876E-01 1.2097E-03
 12400000.0 1.1957E-01 1.2179E-03
 12500000.0 1.2036E-01 1.2259E-03
 12600000.0 1.2112E-01 1.2600E-03
 12700000.0 1.2186E-01 1.2677E-03
 12800000.0 1.2258E-01 1.2751E-03
 12900000.0 1.2326E-01 1.2821E-03
 13000000.0 1.2388E-01 1.2887E-03
 13100000.0 1.2445E-01 9.8977E-04
 13200000.0 1.2492E-01 9.9351E-04
 13300000.0 1.2527E-01 9.9629E-04
 13400000.0 1.2546E-01 9.9781E-04
 13500000.0 1.2546E-01 9.9784E-04
 13600000.0 1.2525E-01 6.5714E-04
 13700000.0 1.2480E-01 6.5481E-04
 13800000.0 1.2413E-01 6.0982E-04
 13900000.0 1.2325E-01 6.0550E-04
 14000000.0 1.2219E-01 6.0030E-04
 14100000.0 1.2100E-01 5.5949E-04
 14200000.0 1.1970E-01 5.5350E-04
 14300000.0 1.1833E-01 4.8567E-04
 14400000.0 1.1692E-01 4.7988E-04
 14500000.0 1.1548E-01 4.3286E-04
 14600000.0 1.1403E-01 4.2740E-04
 14700000.0 1.1256E-01 4.3343E-04
 14800000.0 1.1109E-01 4.2776E-04
 14900000.0 1.0960E-01 4.7895E-04
 15000000.0 1.0811E-01 4.7243E-04
 15100000.0 1.0661E-01 5.8447E-04
 15200000.0 1.0509E-01 5.7616E-04
 15300000.0 1.0356E-01 5.6777E-04
 15400000.0 1.0202E-01 5.5932E-04
 15500000.0 1.0046E-01 5.5079E-04
 15600000.0 9.8894E-02 6.6289E-04
 15700000.0 9.7312E-02 6.5228E-04
 15800000.0 9.5718E-02 6.4160E-04
 15900000.0 9.4114E-02 6.3085E-04
 16000000.0 9.2501E-02 6.2003E-04
 16100000.0 9.0880E-02 6.6357E-04
 16200000.0 8.9254E-02 6.5170E-04
 16300000.0 8.7625E-02 6.3980E-04
 16400000.0 8.5995E-02 6.2790E-04
 16500000.0 8.4366E-02 6.1600E-04
 16600000.0 8.2739E-02 6.3913E-04
 16700000.0 8.1117E-02 6.2661E-04
 16800000.0 7.9502E-02 6.1413E-04
 16900000.0 7.7896E-02 6.0172E-04
 17000000.0 7.6300E-02 5.8940E-04
 17100000.0 7.4717E-02 6.1779E-04
 17200000.0 7.3148E-02 6.0482E-04
 17300000.0 7.1594E-02 5.9197E-04
 17400000.0 7.0057E-02 5.7926E-04
 17500000.0 6.8538E-02 5.6670E-04
 17600000.0 6.7038E-02 6.0276E-04
 17700000.0 6.5559E-02 5.8946E-04
 17800000.0 6.4102E-02 5.7635E-04
 17900000.0 6.2666E-02 5.6345E-04
 18000000.0 6.1253E-02 5.5075E-04
 18100000.0 5.9865E-02 5.8956E-04
 18200000.0 5.8500E-02 5.7612E-04
 18300000.0 5.7160E-02 5.6292E-04
 18400000.0 5.5845E-02 5.4997E-04
 18500000.0 5.4555E-02 5.3727E-04
 18600000.0 5.3291E-02 5.7586E-04
 18700000.0 5.2052E-02 5.6247E-04
 18800000.0 5.0839E-02 5.4937E-04
 18900000.0 4.9652E-02 5.3654E-04
 19000000.0 4.8490E-02 5.2398E-04
 19100000.0 4.7354E-02 5.6221E-04
 19200000.0 4.6243E-02 5.4902E-04
 19300000.0 4.5158E-02 5.3614E-04
 19400000.0 4.4098E-02 5.2355E-04
 19500000.0 4.3062E-02 5.1125E-04
 19600000.0 4.2050E-02 5.4997E-04
 19700000.0 4.1063E-02 5.3705E-04
 19800000.0 4.0100E-02 5.2445E-04
 19900000.0 3.9159E-02 5.1215E-04
 20000000.0 3.8242E-02 5.0016E-04
 20100000.0 3.7347E-02 6.4095E-04
 20200000.0 3.6475E-02 6.2598E-04
 20300000.0 3.5624E-02 6.1138E-04
 20400000.0 3.4795E-02 5.9714E-04
 20500000.0 3.3986E-02 5.8326E-04
 20600000.0 3.3198E-02 5.6974E-04
 20700000.0 3.2430E-02 5.5656E-04
 20800000.0 3.1681E-02 5.4371E-04
 20900000.0 3.0952E-02 5.3119E-04
 21000000.0 3.0241E-02 5.1899E-04
 21100000.0 2.9548E-02 5.0710E-04
 21200000.0 2.8873E-02 4.9551E-04
 21300000.0 2.8216E-02 4.8423E-04
 21400100.0 2.7575E-02 4.7323E-04
 21500100.0 2.6951E-02 4.6252E-04
 21600100.0 2.6342E-02 4.5208E-04
 21700100.0 2.5750E-02 4.4191E-04
 21800100.0 2.5172E-02 4.3200E-04
 21900100.0 2.4610E-02 4.2235E-04
 22000100.0 2.4061E-02 4.1294E-04
 22100100.0 2.3527E-02 4.0377E-04
 22200100.0 2.3007E-02 3.9484E-04
 22300100.0 2.2500E-02 3.8614E-04
 22400100.0 2.2006E-02 3.7765E-04
 22500100.0 2.1524E-02 6.0742E-04
 22600100.0 2.1055E-02 5.9417E-04
 22700100.0 2.0597E-02 5.8126E-04
 22800100.0 2.0151E-02 5.6868E-04
 22900100.0 1.9716E-02 5.5641E-04
 23000000.0 1.9293E-02 5.4446E-04
 24000000.0 1.5595E-02 4.4010E-04
 25000000.0 1.2706E-02 3.5857E-04
 26000000.0 1.0430E-02 5.7006E-04
 27000000.0 8.6216E-03 4.7123E-04
 28000000.0 7.1753E-03 3.9218E-04
 29000000.0 6.0132E-03 3.2866E-04
 30000000.0 5.0784E-03 2.7757E-04
 30000100.0 5.0784E-03 1.7545E-03
 32000000.0 3.9575E-03 1.3673E-03
 34000000.0 3.1017E-03 1.0716E-03
 36000000.0 2.4289E-03 8.7913E-04
 38000000.0 2.0898E-03 7.5637E-04
 40000000.0 1.5566E-03 5.6340E-04
 42000000.0 1.1912E-03 4.6210E-04
 44000008.0 9.5165E-04 3.7263E-04
 46000000.0 7.8445E-04 3.0716E-04
 48000008.0 6.3915E-04 2.5026E-04
 50000000.0 5.4765E-04 2.1444E-04
 52000008.0 4.4117E-04 1.7378E-04
 54000008.0 3.8222E-04 1.5056E-04
 56000000.0 3.3785E-04 1.3308E-04
 58000008.0 2.5345E-04 9.9836E-05
 60000000.0 2.2135E-04 8.7192E-05
