TENDL-2017 Nuclear data library
# n +  89Y    : (n,a)             Total
# Q-value    = 6.85052E-01
# E-threshold= 0.00000E+00
# # energies =   121
#     E          xs       gamma xs  xs/res.prod.xs
 1.00000E-11 2.49237E-17 2.49237E-17 0.00000E+00
 2.53000E-08 4.95510E-19 4.95510E-19 0.00000E+00
 1.00000E-06 7.88157E-20 7.88157E-20 0.00000E+00
 1.00000E-05 2.49237E-20 2.49237E-20 0.00000E+00
 1.00000E-04 7.88157E-21 7.88157E-21 0.00000E+00
 2.00000E-04 5.57311E-21 5.57311E-21 0.00000E+00
 3.00000E-04 4.55043E-21 4.55043E-21 0.00000E+00
 6.00000E-04 3.21764E-21 3.21764E-21 0.00000E+00
 7.40000E-04 2.89732E-21 2.89732E-21 0.00000E+00
 1.00000E-03 3.65300E-21 3.65300E-21 0.00000E+00
 2.00000E-03 6.22810E-21 6.22810E-21 0.00000E+00
 3.00000E-03 8.50933E-21 8.50933E-21 0.00000E+00
 3.70000E-03 1.00000E-20 1.00000E-20 0.00000E+00
 6.00000E-03 1.00000E-20 1.00000E-20 0.00000E+00
 1.00000E-02 1.00000E-20 1.00000E-20 0.00000E+00
 2.00000E-02 1.00000E-20 1.00000E-20 0.00000E+00
 3.00000E-02 1.00000E-20 1.00000E-20 0.00000E+00
 6.00000E-02 1.00000E-20 1.00000E-20 0.00000E+00
 1.00000E-01 1.00000E-20 1.00000E-20 0.00000E+00
 2.00000E-01 1.00000E-20 1.00000E-20 0.00000E+00
 3.00000E-01 1.00000E-20 1.00000E-20 0.00000E+00
 4.00000E-01 1.00000E-20 1.00000E-20 0.00000E+00
 5.00000E-01 1.00000E-20 1.00000E-20 0.00000E+00
 6.00000E-01 1.00000E-20 1.00000E-20 0.00000E+00
 7.00000E-01 1.00000E-20 1.00000E-20 0.00000E+00
 8.00000E-01 1.00000E-20 1.00000E-20 0.00000E+00
 9.00000E-01 1.00000E-20 1.00000E-20 0.00000E+00
 1.00000E+00 1.00000E-20 1.00000E-20 0.00000E+00
 1.20000E+00 1.00000E-20 1.00000E-20 0.00000E+00
 1.40000E+00 1.00000E-20 1.00000E-20 0.00000E+00
 1.60000E+00 1.00000E-20 1.00000E-20 0.00000E+00
 1.80000E+00 9.27563E-16 0.00000E+00 0.00000E+00
 2.00000E+00 1.44505E-14 0.00000E+00 0.00000E+00
 2.20000E+00 1.91582E-13 0.00000E+00 0.00000E+00
 2.40000E+00 1.94232E-12 9.39373E-16 1.00000E+00
 2.60000E+00 1.69147E-11 1.84217E-14 1.00000E+00
 2.80000E+00 1.23467E-10 2.40703E-13 1.00000E+00
 3.00000E+00 7.52349E-10 2.34196E-12 1.00000E+00
 3.20000E+00 3.72889E-09 1.82040E-11 1.00000E+00
 3.40000E+00 2.56527E-08 1.14126E-10 1.00000E+00
 3.60000E+00 1.22324E-07 6.30741E-10 1.00000E+00
 3.80000E+00 2.30992E-07 3.05982E-09 1.00000E+00
 4.00000E+00 1.47343E-06 2.43051E-08 1.00000E+00
 4.20000E+00 3.13913E-06 8.95558E-08 1.00000E+00
 4.40000E+00 6.90785E-06 2.87332E-07 1.00000E+00
 4.60000E+00 2.18040E-05 1.05093E-06 1.00000E+00
 4.80000E+00 3.51873E-05 2.47033E-06 1.00000E+00
 5.00000E+00 8.72505E-05 7.13135E-06 1.00000E+00
 5.20000E+00 1.62850E-04 1.87106E-05 1.00000E+00
 5.40000E+00 2.50692E-04 3.97519E-05 1.00000E+00
 5.60000E+00 4.86325E-04 9.53492E-05 1.00000E+00
 5.80000E+00 7.38760E-04 1.92508E-04 9.99999E-01
 6.00000E+00 1.16261E-03 3.77848E-04 9.99999E-01
 6.20000E+00 1.80901E-03 7.30519E-04 9.99999E-01
 6.40000E+00 2.54050E-03 1.25806E-03 9.99999E-01
 6.60000E+00 3.88795E-03 2.18789E-03 9.99999E-01
 6.80000E+00 5.55256E-03 3.58008E-03 9.99999E-01
 7.00000E+00 8.10018E-03 5.60506E-03 9.99998E-01
 7.20000E+00 1.20146E-02 8.64355E-03 9.99998E-01
 7.40000E+00 1.63323E-02 1.26863E-02 9.99998E-01
 7.60000E+00 2.43475E-02 1.88349E-02 9.99998E-01
 7.80000E+00 3.44952E-02 2.75026E-02 9.99998E-01
 8.00000E+00 4.74633E-02 3.96239E-02 9.99998E-01
 8.50000E+00 1.07414E-01 1.00236E-01 9.99998E-01
 9.00000E+00 2.25779E-01 2.40900E-01 9.99997E-01
 9.50000E+00 4.33181E-01 5.27460E-01 9.99997E-01
 1.00000E+01 7.53986E-01 1.03355E+00 9.99997E-01
 1.05000E+01 1.20268E+00 1.83054E+00 9.99996E-01
 1.10000E+01 1.77530E+00 2.96678E+00 9.99995E-01
 1.15000E+01 2.45547E+00 4.46279E+00 9.99994E-01
 1.20000E+01 3.22460E+00 6.32398E+00 9.99992E-01
 1.25000E+01 4.06209E+00 8.52941E+00 9.99990E-01
 1.30000E+01 4.96005E+00 1.10709E+01 9.99988E-01
 1.35000E+01 5.88492E+00 1.38979E+01 9.99986E-01
 1.40000E+01 6.88525E+00 1.70777E+01 9.99984E-01
 1.45000E+01 7.97106E+00 2.06146E+01 9.99983E-01
 1.50000E+01 9.06742E+00 2.44280E+01 9.99981E-01
 1.60000E+01 1.14118E+01 3.30402E+01 9.99977E-01
 1.70000E+01 1.39907E+01 4.29183E+01 9.99975E-01
 1.80000E+01 1.65986E+01 5.33723E+01 9.99972E-01
 1.90000E+01 1.86482E+01 6.20643E+01 9.99970E-01
 2.00000E+01 1.86493E+01 6.35333E+01 9.99964E-01
 2.10000E+01 1.75596E+01 6.08081E+01 9.99956E-01
 2.20000E+01 1.53386E+01 5.40422E+01 9.99945E-01
 2.30000E+01 1.34204E+01 4.78694E+01 9.99930E-01
 2.40000E+01 1.20115E+01 4.34895E+01 9.99913E-01
 2.50000E+01 1.08318E+01 3.97527E+01 9.99889E-01
 2.60000E+01 9.79357E+00 3.64611E+01 9.99853E-01
 2.70000E+01 8.85982E+00 3.34635E+01 9.99798E-01
 2.80000E+01 8.17802E+00 3.13278E+01 9.99675E-01
 2.90000E+01 7.26887E+00 2.81976E+01 9.99104E-01
 3.00000E+01 6.68530E+00 2.62548E+01 9.96335E-01
 3.20000E+01 5.44548E+00 2.19402E+01 9.55790E-01
 3.40000E+01 4.48624E+00 1.84195E+01 8.28674E-01
 3.60000E+01 3.71297E+00 1.54220E+01 6.42043E-01
 3.80000E+01 3.02558E+00 1.25110E+01 4.54423E-01
 4.00000E+01 2.53781E+00 1.04181E+01 3.08213E-01
 4.20000E+01 2.08965E+00 8.39141E+00 2.02245E-01
 4.40000E+01 1.73517E+00 6.93317E+00 1.37270E-01
 4.60000E+01 1.46251E+00 5.85506E+00 1.00124E-01
 4.80000E+01 1.19634E+00 4.79768E+00 7.37031E-02
 5.00000E+01 1.02819E+00 4.16858E+00 5.92918E-02
 5.20000E+01 8.77567E-01 3.59599E+00 5.00114E-02
 5.40000E+01 7.38202E-01 3.05674E+00 4.34443E-02
 5.60000E+01 6.40362E-01 2.68248E+00 3.96857E-02
 5.80000E+01 5.59693E-01 2.37147E+00 3.70874E-02
 6.00000E+01 4.77538E-01 2.03626E+00 3.42278E-02
 6.50000E+01 3.38899E-01 1.46818E+00 2.81760E-02
 7.00000E+01 2.41759E-01 1.03825E+00 2.25915E-02
 7.50000E+01 1.80329E-01 7.75859E-01 1.77562E-02
 8.00000E+01 1.31063E-01 5.58724E-01 1.37391E-02
 9.00000E+01 7.89259E-02 3.34428E-01 9.15630E-03
 1.00000E+02 4.69225E-02 1.95281E-01 6.38047E-03
 1.10000E+02 2.92425E-02 1.19200E-01 4.70059E-03
 1.20000E+02 2.01849E-02 8.08560E-02 3.67558E-03
 1.30000E+02 1.37973E-02 5.43565E-02 2.92474E-03
 1.40000E+02 1.01123E-02 3.92615E-02 2.40684E-03
 1.50000E+02 7.55039E-03 2.89594E-02 2.02386E-03
 1.60000E+02 5.59502E-03 2.13127E-02 1.66840E-03
 1.80000E+02 3.67171E-03 1.37429E-02 1.30844E-03
 2.00000E+02 2.40857E-03 8.88716E-03 1.01740E-03
