IRDFF v 1.05, 9 October 2014
Y-89(n,2n)                              
 11604100.0 0.0000E+00 0.0000E+00
 11800000.0 4.0677E-02 6.3469E-03
 11900000.0 6.5214E-02 1.0176E-02
 12000000.0 9.1784E-02 6.5703E-03
 12100000.0 1.2049E-01 8.6250E-03
 12200000.0 1.5140E-01 1.0838E-02
 12300000.0 1.8457E-01 9.9669E-03
 12400000.0 2.1997E-01 1.1878E-02
 12500000.0 2.5750E-01 1.3906E-02
 12600000.0 2.9700E-01 9.8383E-03
 12700000.0 3.3816E-01 1.1202E-02
 12800000.0 3.8060E-01 1.2608E-02
 12900000.0 4.2384E-01 1.4040E-02
 13000000.0 4.6733E-01 1.5481E-02
 13100000.0 5.1053E-01 1.0752E-02
 13200000.0 5.5291E-01 1.1645E-02
 13300000.0 5.9402E-01 1.2510E-02
 13400000.0 6.3353E-01 1.3342E-02
 13500000.0 6.7120E-01 1.4136E-02
 13600000.0 7.0693E-01 8.3674E-03
 13700000.0 7.4069E-01 8.7670E-03
 13800000.0 7.7254E-01 9.1440E-03
 13900000.0 8.0257E-01 9.4994E-03
 14000000.0 8.3089E-01 9.8346E-03
 14100000.0 8.5762E-01 9.8180E-03
 14200000.0 8.8289E-01 1.0107E-02
 14300000.0 9.0679E-01 9.4912E-03
 14400000.0 9.2942E-01 9.7281E-03
 14500000.0 9.5084E-01 9.3861E-03
 14600000.0 9.7113E-01 9.5864E-03
 14700000.0 9.9034E-01 1.0061E-02
 14800000.0 1.0085E+00 1.0246E-02
 14900000.0 1.0257E+00 1.1749E-02
 15000000.0 1.0419E+00 1.1935E-02
 15100000.0 1.0572E+00 1.5801E-02
 15200000.0 1.0715E+00 1.6016E-02
 15300000.0 1.0850E+00 1.6218E-02
 15400000.0 1.0977E+00 1.6407E-02
 15500000.0 1.1096E+00 1.6585E-02
 15600000.0 1.1207E+00 2.1560E-02
 15700000.0 1.1310E+00 2.1759E-02
 15800000.0 1.1407E+00 2.1945E-02
 15900000.0 1.1496E+00 2.2118E-02
 16000000.0 1.1580E+00 2.2278E-02
 16100000.0 1.1657E+00 2.3910E-02
 16200000.0 1.1729E+00 2.4057E-02
 16300000.0 1.1796E+00 2.4194E-02
 16400000.0 1.1857E+00 2.4320E-02
 16500000.0 1.1914E+00 2.4437E-02
 16600000.0 1.1967E+00 2.3506E-02
 16700000.0 1.2016E+00 2.3602E-02
 16800000.0 1.2061E+00 2.3691E-02
 16900000.0 1.2103E+00 2.3773E-02
 17000000.0 1.2142E+00 2.3849E-02
 17100000.0 1.2178E+00 2.2381E-02
 17200000.0 1.2211E+00 2.2443E-02
 17300000.0 1.2242E+00 2.2500E-02
 17400000.0 1.2271E+00 2.2553E-02
 17500000.0 1.2299E+00 2.2603E-02
 17600000.0 1.2324E+00 2.1957E-02
 17700000.0 1.2348E+00 2.1999E-02
 17800000.0 1.2371E+00 2.2040E-02
 17900000.0 1.2392E+00 2.2078E-02
 18000000.0 1.2412E+00 2.2114E-02
 18100000.0 1.2431E+00 2.2401E-02
 18200000.0 1.2450E+00 2.2434E-02
 18300000.0 1.2467E+00 2.2466E-02
 18400000.0 1.2484E+00 2.2496E-02
 18500000.0 1.2500E+00 2.2525E-02
 18600000.0 1.2516E+00 2.3184E-02
 18700000.0 1.2530E+00 2.3212E-02
 18800000.0 1.2545E+00 2.3239E-02
 18900000.0 1.2559E+00 2.3264E-02
 19000000.0 1.2572E+00 2.3289E-02
 19100000.0 1.2585E+00 2.3823E-02
 19200000.0 1.2597E+00 2.3846E-02
 19300000.0 1.2609E+00 2.3869E-02
 19400000.0 1.2620E+00 2.3890E-02
 19500000.0 1.2630E+00 2.3909E-02
 19600000.0 1.2640E+00 2.4139E-02
 19700000.0 1.2649E+00 2.4156E-02
 19800000.0 1.2657E+00 2.4171E-02
 19900000.0 1.2664E+00 2.4185E-02
 20000000.0 1.2670E+00 2.4196E-02
 20500000.0 1.2680E+00 2.4175E-02
 21000000.0 1.2645E+00 2.4108E-02
 21500000.0 1.2546E+00 2.4550E-02
 22000000.0 1.2364E+00 2.4194E-02
 22500000.0 1.2081E+00 2.6986E-02
 23000000.0 1.1689E+00 2.6110E-02
 23500000.0 1.1186E+00 3.3312E-02
 24000000.0 1.0585E+00 3.1522E-02
 24500000.0 9.9077E-01 4.1131E-02
 25000000.0 9.1831E-01 3.8123E-02
 25500000.0 8.4426E-01 4.4379E-02
 26000000.0 7.7146E-01 4.0552E-02
 26500000.0 7.0216E-01 4.0996E-02
 27000000.0 6.3791E-01 3.7245E-02
 27500000.0 5.7957E-01 3.4062E-02
 28000000.0 5.2741E-01 3.0997E-02
 28500000.0 4.8133E-01 2.7648E-02
 29000000.0 4.4093E-01 2.5327E-02
 29500000.0 4.0571E-01 2.3769E-02
 30000000.0 3.7510E-01 2.1975E-02
 30500000.0 3.4852E-01 2.2077E-02
 31000000.0 3.2544E-01 2.0615E-02
 31500000.0 3.0538E-01 2.1383E-02
 32000000.0 2.8790E-01 2.0159E-02
 32500000.0 2.7263E-01 2.0914E-02
 33000000.0 2.5926E-01 1.9887E-02
 33500000.0 2.4750E-01 2.0413E-02
 34000000.0 2.3712E-01 1.9557E-02
 34500000.0 2.2794E-01 1.9868E-02
 35000000.0 2.1977E-01 1.9156E-02
 35500000.0 2.1248E-01 1.9324E-02
 36000000.0 2.0595E-01 1.8730E-02
 36500000.0 2.0008E-01 1.8817E-02
 37000000.0 1.9477E-01 1.8318E-02
 37500000.0 1.8997E-01 1.8359E-02
 38000000.0 1.8560E-01 1.7937E-02
 38500000.0 1.8161E-01 1.7948E-02
 39000000.0 1.7796E-01 1.7587E-02
 39500000.0 1.7460E-01 1.7576E-02
 40000000.0 1.7150E-01 1.7265E-02
 40000100.0 1.7150E-01 3.6525E-02
 42000000.0 1.6190E-01 3.4479E-02
 44000000.0 1.5382E-01 3.2736E-02
 46000000.0 1.4683E-01 3.1247E-02
 48000000.0 1.3901E-01 2.9583E-02
 50000000.0 1.3086E-01 2.7849E-02
 52000000.0 1.2507E-01 2.5981E-02
 54000000.0 1.1906E-01 2.4733E-02
 56000000.0 1.1576E-01 2.4046E-02
 58000000.0 1.1174E-01 2.3211E-02
 60000000.0 1.0908E-01 2.2658E-02
