IRDFF v 1.05, 9 October 2014
Zr-90(n,2n)                             
 12104000.0 0.0000E+00 0.0000E+00
 12200000.0 1.0295E-02 8.1091E-04
 12250000.0 1.5607E-02 1.2293E-03
 12300000.0 2.2553E-02 1.7765E-03
 12350000.0 3.1040E-02 2.4449E-03
 12400000.0 4.0966E-02 3.2268E-03
 12450000.0 5.2228E-02 1.9808E-03
 12500000.0 6.4717E-02 2.4545E-03
 12550000.0 7.8323E-02 2.9705E-03
 12600000.0 9.2937E-02 3.5247E-03
 12700000.0 1.2475E-01 3.8766E-03
 12800000.0 1.5933E-01 4.9510E-03
 12900000.0 1.9590E-01 4.8671E-03
 13000000.0 2.3378E-01 5.8080E-03
 13100000.0 2.7236E-01 4.9458E-03
 13200000.0 3.1114E-01 5.6501E-03
 13300000.0 3.4971E-01 4.6712E-03
 13400000.0 3.8774E-01 5.1792E-03
 13500000.0 4.2497E-01 4.6611E-03
 13600000.0 4.6120E-01 5.0585E-03
 13700000.0 4.9629E-01 4.9863E-03
 13800000.0 5.3015E-01 5.3265E-03
 13900000.0 5.6271E-01 5.3815E-03
 14000000.0 5.9396E-01 5.6803E-03
 14100000.0 6.2389E-01 5.6691E-03
 14200000.0 6.5250E-01 5.9291E-03
 14300000.0 6.7982E-01 5.8457E-03
 14400000.0 7.0589E-01 6.0699E-03
 14500000.0 7.3075E-01 6.0109E-03
 14510000.0 7.3317E-01 6.0308E-03
 14520000.0 7.3558E-01 6.0506E-03
 14530000.0 7.3798E-01 6.0704E-03
 14540000.0 7.4037E-01 6.0900E-03
 14550000.0 7.4274E-01 6.1095E-03
 14560000.0 7.4511E-01 6.1290E-03
 14570000.0 7.4746E-01 6.1483E-03
 14580000.0 7.4980E-01 6.1676E-03
 14590000.0 7.5213E-01 6.1868E-03
 14600000.0 7.5445E-01 6.2058E-03
 14700000.0 7.7704E-01 6.2894E-03
 14800000.0 7.9856E-01 6.4636E-03
 14900000.0 8.1907E-01 6.7542E-03
 15000000.0 8.3863E-01 6.9154E-03
 15100000.0 8.5727E-01 7.4140E-03
 15200000.0 8.7505E-01 7.5678E-03
 15300000.0 8.9202E-01 8.1799E-03
 15400000.0 9.0821E-01 8.3285E-03
 15500000.0 9.2368E-01 9.0399E-03
 15600000.0 9.3845E-01 9.1845E-03
 15700000.0 9.5258E-01 9.8940E-03
 15800000.0 9.6609E-01 1.0034E-02
 15900000.0 9.7902E-01 1.0747E-02
 16000000.0 9.9139E-01 1.0883E-02
 16100000.0 1.0032E+00 1.1947E-02
 16200000.0 1.0146E+00 1.2083E-02
 16300000.0 1.0255E+00 1.2212E-02
 16400000.0 1.0359E+00 1.2337E-02
 16500000.0 1.0460E+00 1.2456E-02
 16600000.0 1.0556E+00 1.3871E-02
 16700000.0 1.0648E+00 1.3993E-02
 16800000.0 1.0737E+00 1.4109E-02
 16900000.0 1.0822E+00 1.4221E-02
 17000000.0 1.0903E+00 1.4328E-02
 17100000.0 1.0982E+00 1.5763E-02
 17200000.0 1.1057E+00 1.5871E-02
 17300000.0 1.1130E+00 1.5976E-02
 17400000.0 1.1200E+00 1.6076E-02
 17500000.0 1.1267E+00 1.6172E-02
 17600000.0 1.1331E+00 1.7716E-02
 17700000.0 1.1393E+00 1.7813E-02
 17800000.0 1.1452E+00 1.7906E-02
 17900000.0 1.1509E+00 1.7994E-02
 18000000.0 1.1563E+00 1.8080E-02
 18100000.0 1.1616E+00 1.9750E-02
 18200000.0 1.1666E+00 1.9835E-02
 18300000.0 1.1713E+00 1.9916E-02
 18400000.0 1.1759E+00 1.9993E-02
 18500000.0 1.1803E+00 2.0068E-02
 18600000.0 1.1844E+00 2.1872E-02
 18700000.0 1.1883E+00 2.1945E-02
 18800000.0 1.1921E+00 2.2014E-02
 18900000.0 1.1956E+00 2.2079E-02
 19000000.0 1.1990E+00 2.2141E-02
 19100000.0 1.2022E+00 2.4173E-02
 19200000.0 1.2051E+00 2.4233E-02
 19300000.0 1.2079E+00 2.4289E-02
 19400000.0 1.2105E+00 2.4341E-02
 19500000.0 1.2129E+00 2.4389E-02
 19600000.0 1.2151E+00 2.6858E-02
 19700000.0 1.2171E+00 2.6902E-02
 19800000.0 1.2190E+00 2.6943E-02
 19900000.0 1.2206E+00 2.6979E-02
 20000000.0 1.2220E+00 2.7011E-02
 20000100.0 1.2220E+00 6.3732E-02
 21000000.0 1.2154E+00 6.5423E-02
 22000000.0 1.1970E+00 6.8862E-02
 23000000.0 1.1695E+00 7.5542E-02
 24000000.0 1.1183E+00 8.0943E-02
 25000000.0 1.0298E+00 9.2548E-02
 26000000.0 9.0304E-01 8.3238E-02
 27000000.0 7.6468E-01 7.1644E-02
 28000000.0 6.4794E-01 6.4641E-02
 29000000.0 5.5737E-01 1.0198E-01
 30000000.0 4.8943E-01 9.6692E-02
 32000000.0 4.0266E-01 9.4984E-02
 34000000.0 3.5530E-01 1.0163E-01
 36000000.0 3.3278E-01 1.1614E-01
 38000000.0 3.1933E-01 1.2085E-01
 40000000.0 3.1000E-01 1.1914E-01
 42000000.0 3.0214E-01 5.4246E-02
 44000000.0 2.9541E-01 5.0933E-02
 46000000.0 2.8525E-01 4.9181E-02
 48000000.0 2.7456E-01 4.7337E-02
 50000000.0 2.6617E-01 4.5891E-02
 52000000.0 2.5652E-01 4.0977E-02
 54000000.0 2.5167E-01 4.0201E-02
 56000000.0 2.4807E-01 3.9627E-02
 58000000.0 2.4517E-01 3.9163E-02
 60000000.0 2.3759E-01 3.7953E-02
