$SPEC_ID:
Am-241 TW
$SPEC_REM:
DET# 1
DETDESC# HERL_ALPHA Easy-MCA-8k SN 14196717
AP# Maestro Version 7.01
$DATE_MEA:
11/26/2018 09:39:04
$MEAS_TIM:
13055 13061
$DATA:
0 8191
       0
       0
       0
       0
       0
       0
       0
       0
       0
       0
       0
       0
       0
       0
       0
       0
       0
       0
       0
       0
       0
       0
       0
       0
       0
       0
       0
       0
       0
       0
       0
       0
       0
       0
       0
       0
       0
       0
       0
       0
       0
       0
       0
       0
       0
       0
       0
       0
       0
       0
       0
       0
       0
       0
       0
       0
       0
       0
       0
       0
       0
       0
       0
       6
     833
    3166
    3653
    3693
    3900
    3794
    3649
    3612
    3387
    3333
    3184
    3151
    3041
    2940
    2950
    2955
    3040
    3133
    2987
    2889
    2804
    2683
    2570
    2444
    2498
    2321
    2292
    2292
    2224
    2207
    2250
    2202
    2109
    2111
    2232
    2343
    2406
    2483
    2570
    2569
    2506
    2389
    2176
    2030
    1953
    1880
    1769
    1836
    1662
    1676
    1741
    1645
    1591
    1528
    1576
    1502
    1510
    1437
    1463
    1464
    1435
    1455
    1478
    1446
    1343
    1402
    1477
    1422
    1481
    1392
    1368
    1351
    1376
    1251
    1254
    1271
    1210
    1181
    1237
    1189
    1163
    1152
    1048
    1116
    1095
    1034
    1071
    1027
    1024
    1143
     962
    1056
    1017
     993
     959
     966
     964
     956
     986
     882
     926
     866
     863
     827
     887
     836
     851
     835
     803
     833
     809
     787
     747
     720
     724
     733
     681
     678
     651
     664
     692
     608
     656
     583
     606
     647
     625
     608
     579
     568
     532
     553
     581
     552
     583
     548
     522
     506
     442
     494
     438
     442
     475
     420
     416
     408
     412
     393
     419
     418
     370
     359
     385
     387
     324
     348
     315
     331
     324
     309
     325
     320
     300
     315
     301
     261
     314
     318
     293
     243
     280
     269
     270
     265
     229
     250
     232
     227
     254
     231
     231
     221
     222
     185
     213
     190
     202
     205
     189
     193
     213
     172
     200
     159
     186
     185
     177
     166
     153
     181
     153
     148
     160
     171
     145
     142
     125
     155
     138
     132
     145
     123
     115
     135
     110
     118
     114
     127
     102
     126
     102
     111
     118
      92
     103
     100
     101
      82
      94
      92
      80
      84
      93
      96
      81
      88
      83
      81
      78
      84
      60
      62
      72
      56
      82
      66
      58
      65
      55
      67
      73
      82
      70
      52
      53
      65
      54
      65
      68
      63
      42
      60
      44
      58
      40
      43
      55
      50
      47
      47
      47
      52
      37
      30
      42
      39
      42
      46
      35
      34
      36
      31
      34
      39
      48
      33
      39
      33
      31
      25
      31
      34
      25
      22
      22
      25
      29
      37
      28
      31
      29
      18
      32
      33
      21
      25
      21
      22
      28
      28
      24
      18
      26
      25
      20
      16
      18
      14
      16
      21
      18
      18
      18
      27
      22
      21
      19
      20
      18
      10
      19
      17
      11
      14
      14
      22
      13
      18
      10
      22
      18
      18
      17
      13
       9
      10
      19
      11
      17
      13
      13
      10
      13
      17
      12
       8
      13
      12
       9
      16
       8
      14
      12
       8
       8
      12
      11
      11
      11
       7
      10
      11
      13
      12
       6
       8
      10
       7
       4
       6
      10
       9
       5
       4
       7
       9
      10
       5
       6
       7
       4
       8
       9
       9
       6
       9
       7
      18
       9
       8
       7
       3
       3
       3
      10
       7
       5
      12
      13
       5
       6
       1
       8
       8
       4
       2
       8
       5
       6
       4
       6
       6
       3
       5
       5
       9
       5
       5
       2
       9
       7
       5
       6
       8
       1
       6
       5
       8
       2
       5
       3
       6
       7
       9
       2
       1
       3
       2
       3
       5
       3
       5
       2
       4
       5
       2
       4
       3
       3
       4
       5
      12
       3
       1
       3
       2
       2
       3
       3
       4
       3
       0
       7
       3
       4
       6
       6
       1
       3
       2
       3
       4
       5
       3
       2
       3
       2
       2
       6
       3
       3
       5
       5
       4
       4
       0
       3
       0
       0
       2
       0
       2
       1
       7
       2
       3
       0
       5
       3
       3
       4
       3
       4
       3
       1
       5
       1
       1
       3
       1
       5
       1
       2
       2
       2
       0
       7
       2
       3
       1
       3
       2
       2
       1
       2
       1
       3
       4
       4
       3
       1
       1
       2
       4
       3
       1
       3
       1
       1
       2
       3
       2
       4
       1
       2
       1
       3
       1
       2
       1
       5
       0
       3
       1
       3
       3
       4
       2
       2
       0
       1
       2
       0
       1
       2
       3
       1
       1
       0
       1
       1
       2
       3
       0
       2
       1
       2
       3
       1
       0
       3
       3
       0
       2
       4
       2
       2
       1
       1
       3
       5
       1
       2
       3
       3
       1
       1
       1
       1
       0
       1
       3
       0
       2
       1
       2
       2
       3
       0
       0
       1
       2
       0
       4
       4
       3
       2
       3
       2
       1
       4
       1
       0
       1
       2
       1
       1
       1
       2
       1
       1
       1
       2
       4
       3
       2
       1
       1
       3
       2
       1
       0
       1
       1
       2
       2
       1
       2
       2
       1
       2
       1
       2
       2
       1
       3
       1
       1
       2
       2
       3
       2
       1
       2
       4
       2
       2
       0
       3
       3
       0
       1
       1
       4
       4
       3
       1
       4
       1
       3
       2
       1
       2
       2
       1
       2
       0
       1
       3
       3
       1
       3
       0
       0
       3
       2
       3
       4
       5
       0
       0
       0
       4
       4
       6
       2
       1
       1
       1
       0
       3
       5
       1
       0
       1
       3
       0
       2
       3
       2
       2
       1
       1
       2
       3
       1
       1
       4
       2
       2
       0
       2
       0
       3
       0
       1
       1
       1
       0
       1
       0
       1
       2
       4
       3
       1
       0
       0
       1
       0
       1
       0
       0
       8
       3
       2
       4
       2
       3
       1
       1
       0
       1
       1
       3
       0
       1
       1
       2
       1
       3
       1
       1
       3
       0
       1
       0
       1
       1
       1
       1
       2
       2
       2
       3
       0
       0
       3
       3
       3
       1
       1
       2
       1
       4
       1
       0
       1
       1
       5
       1
       2
       5
       1
       2
       3
       1
       0
       2
       2
       2
       0
       2
       1
       0
       1
       3
       1
       1
       0
       3
       0
       1
       0
       2
       2
       0
       1
       0
       3
       1
       0
       4
       3
       0
       3
       2
       2
       0
       0
       2
       2
       0
       1
       2
       2
       2
       2
       3
       0
       2
       1
       0
       3
       3
       1
       1
       0
       4
       4
       1
       1
       1
       4
       1
       4
       1
       3
       1
       2
       0
       0
       1
       0
       1
       0
       0
       1
       0
       0
       3
       2
       3
       2
       2
       3
       0
       0
       1
       3
       3
       1
       0
       4
       1
       0
       1
       1
       0
       4
       2
       1
       2
       0
       0
       1
       1
       2
       1
       3
       2
       1
       1
       2
       3
       3
       3
       2
       0
       0
       2
       1
       1
       0
       4
       4
       2
       0
       0
       3
       0
       3
       1
       3
       1
       1
       0
       1
       0
       0
       2
       2
       2
       2
       1
       4
       0
       4
       2
       2
       0
       2
       3
       1
       4
       2
       2
       3
       2
       2
       0
       0
       2
       0
       0
       2
       0
       0
       3
       2
       0
       1
       2
       4
       4
       1
       1
       0
       1
       2
       0
       2
       2
       2
       0
       1
       0
       3
       0
       2
       1
       3
       3
       2
       2
       4
       0
       4
       2
       0
       0
       2
       2
       2
       1
       2
       1
       1
       1
       2
       2
       4
       0
       1
       0
       4
       4
       1
       3
       1
       2
       0
       0
       0
       0
       2
       2
       1
       0
       4
       1
       2
       1
       3
       0
       1
       1
       1
       0
       1
       1
       2
       2
       1
       0
       2
       3
       1
       2
       3
       2
       1
       3
       3
       1
       2
       0
       0
       0
       3
       3
       1
       0
       0
       3
       1
       3
       3
       2
       2
       2
       2
       1
       1
       3
       1
       0
       0
       1
       2
       2
       3
       1
       0
       3
       3
       1
       2
       2
       1
       2
       2
       2
       1
       0
       3
       1
       2
       3
       3
       1
       0
       2
       1
       1
       4
       2
       1
       5
       1
       0
       3
       1
       3
       3
       2
       1
       4
       2
       4
       0
       2
       1
       1
       2
       1
       3
       2
       3
       3
       0
       1
       1
       0
       1
       0
       3
       1
       4
       0
       0
       4
       0
       0
       2
       3
       3
       3
       0
       1
       3
       1
       2
       3
       3
       1
       2
       1
       3
       2
       3
       2
       1
       2
       2
       2
       0
       2
       2
       4
       2
       1
       2
       1
       1
       1
       1
       3
       3
       1
       1
       2
       1
       1
       2
       2
       3
       1
       1
       3
       2
       1
       3
       1
       1
       1
       2
       4
       2
       1
       2
       1
       0
       3
       1
       1
       4
       2
       2
       3
       3
       1
       3
       5
       3
       0
       3
       1
       2
       0
       2
       2
       5
       2
       0
       2
       3
       3
       3
       2
       2
       1
       2
       1
       2
       1
       0
       1
       2
       1
       3
       1
       1
       4
       4
       4
       4
       2
       1
       2
       1
       1
       2
       3
       1
       6
       1
       1
       3
       1
       3
       3
       1
       0
       2
       1
       3
       2
       5
       4
       1
       3
       3
       3
       1
       3
       3
       3
       0
       1
       2
       3
       0
       4
       1
       2
       3
       3
       4
       3
       2
       3
       5
       3
       3
       2
       3
       0
       1
       1
       5
       3
       5
       2
       1
       1
       1
       1
       2
       3
       0
       2
       3
       3
       3
       1
       2
       3
       4
       3
       0
       2
       1
       0
       2
       0
       2
       4
       2
       2
       5
       1
       1
       0
       1
       4
       2
       2
       4
       0
       2
       2
       1
       1
       1
       4
       6
       0
       3
       2
       2
       3
       3
       5
       1
       2
       3
       4
       4
       4
       2
       1
       2
       1
       3
       1
       6
       2
       5
       3
       1
       3
       3
       1
       2
       4
       0
       5
       5
       2
       2
       4
       2
       5
       3
       5
       0
       2
       1
       1
       3
       3
       1
       6
       3
       3
       1
       1
       5
       2
       4
       4
       3
       4
       2
       1
       5
       5
       6
       4
       8
       3
       7
       4
       5
       7
       3
       4
       6
       3
       3
       2
       5
       3
       4
       3
       6
       3
       7
       6
       4
       5
       2
       2
       6
       6
       4
       3
       4
       7
       4
       3
       3
       6
       7
       1
       4
       5
       7
       4
       8
       6
       5
       4
      10
       8
       6
       9
       4
       6
       8
       8
       4
       7
       6
      10
      12
       8
       4
       8
       8
       9
       8
       7
       6
       9
       5
       8
      10
      15
      12
      17
      16
       6
      14
      13
      10
      10
      23
      12
      16
       7
      10
      13
      12
      11
      15
      12
      15
      10
      16
      15
      15
      18
      14
      22
      16
      22
      20
      24
      22
      21
      16
      17
      22
      28
      21
      20
      24
      27
      32
      36
      18
      28
      26
      31
      29
      31
      35
      30
      39
      29
      38
      39
      42
      37
      24
      38
      34
      32
      52
      38
      38
      33
      38
      35
      38
      46
      47
      50
      62
      58
      65
      40
      48
      53
      65
      48
      54
      65
      60
      58
      57
      58
      67
      58
      60
      65
      67
      67
      63
      60
      57
      62
      70
      82
      62
      96
      84
      87
      70
      91
      74
      86
      92
      96
      90
      84
      99
      92
     110
     114
     106
     107
     130
     112
     133
     111
     109
     143
     112
     124
     136
     143
     166
     153
     152
     151
     132
     156
     178
     143
     142
     182
     181
     211
     183
     201
     200
     224
     220
     217
     210
     246
     272
     305
     269
     282
     301
     313
     287
     323
     369
     398
     380
     425
     435
     478
     513
     591
     677
     656
     802
     880
    1011
    1219
    1375
    1641
    1936
    2141
    2418
    2409
    2285
    2130
    1864
    1522
    1206
     941
     600
     516
     502
     427
     449
     436
     444
     452
     454
     496
     501
     498
     504
     493
     581
     631
     630
     657
     681
     711
     733
     749
     773
     854
     876
     922
     934
     985
    1053
    1082
    1133
    1190
    1319
    1365
    1464
    1558
    1701
    1857
    1903
    2124
    2182
    2375
    2643
    2784
    3172
    3523
    3838
    4298
    4785
    5314
    6195
    6986
    8126
    9594
   11505
   13953
   17004
   20401
   24589
   28754
   32284
   34794
   34962
   33059
   29015
   23108
   16549
   11197
    6695
    3735
    1830
     752
     331
     114
      32
      14
       5
      10
       8
       4
       5
       1
       3
       5
       5
       6
       1
       5
       6
       5
       6
       4
       7
       7
       2
       3
       7
       5
       5
       4
       6
       4
       5
       4
       9
       6
       3
       2
       3
       3
       5
       5
       2
       1
       8
       7
       5
       6
       1
       6
       6
       3
       7
       8
       8
       9
       4
       4
       8
       8
       9
       5
      12
       6
       5
       8
      11
      12
       9
       8
       9
      10
       6
       9
       8
       7
       8
       9
       6
       6
       8
       6
      11
      14
       4
       6
      13
       7
      16
      12
       6
       8
      11
      15
      12
      10
      14
      10
      13
      12
      12
      15
      10
      10
      10
      16
      10
      17
      11
      18
      15
      16
      10
      17
      10
      17
      18
      11
      14
       6
      15
      14
      18
      20
      19
      13
      16
      21
      22
      20
      12
      16
      25
      22
      15
      17
      19
      23
      28
      21
      30
      22
      28
      28
      24
      15
      18
      30
      29
      23
      26
      39
      23
      21
      30
      25
      34
      40
      30
      37
      31
      29
      30
      43
      31
      38
      35
      37
      38
      49
      44
      50
      50
      44
      50
      47
      58
      57
      64
      68
      76
      87
      95
     102
     129
     156
     182
     203
     270
     229
     203
     175
     183
     121
     104
     132
     110
     121
     126
     137
     131
     151
     148
     145
     127
     125
     102
     114
     126
     119
     108
     134
     132
     135
     140
     161
     170
     179
     186
     208
     212
     195
     253
     241
     284
     307
     288
     372
     370
     406
     504
     507
     510
     588
     570
     552
     568
     556
     619
     686
     742
     824
     914
    1100
    1174
    1390
    1569
    1816
    2117
    2580
    3055
    3611
    4060
    4771
    5025
    5315
    5207
    4627
    4230
    3247
    2367
    1717
    1130
     702
     370
     225
     117
      66
      42
      21
      21
      10
      10
      13
       8
      13
      16
       9
       8
      12
      11
      12
       9
      16
      18
      20
      11
      22
      15
      18
      23
      21
       9
      13
      15
      17
      22
      14
      21
      22
      23
      21
      20
      20
      24
      23
      20
      26
      31
      21
      30
      34
      29
      35
      28
      44
      33
      28
      39
      60
      79
      68
      79
      82
      94
     121
     136
     164
     164
     195
     183
     180
     148
     118
     103
      67
      55
      37
      45
      27
      41
      41
      31
      40
      32
      36
      42
      43
      42
      43
      49
      37
      47
      44
      30
      46
      40
      44
      43
      45
      51
      46
      44
      43
      52
      46
      69
      67
      65
      76
      71
      62
      73
      79
      84
      70
      78
      73
      84
      87
      80
      86
     101
     106
      99
     102
      93
      87
     101
     101
      88
     103
     108
      83
      96
      95
      99
     104
      98
     133
     117
     143
     118
     138
     154
     165
     172
     167
     154
     190
     190
     205
     190
     219
     218
     254
     277
     269
     282
     286
     328
     350
     407
     449
     413
     465
     465
     520
     545
     618
     684
     782
     891
     949
    1066
    1212
    1354
    1544
    1821
    2032
    2408
    2752
    3234
    3661
    4202
    4560
    4727
    4674
    4650
    4300
    3719
    3157
    2467
    1789
    1283
     860
     581
     356
     246
     162
     108
      98
      54
      61
      44
      56
      48
      44
      60
      46
      26
      24
      21
      25
       8
      19
      25
      16
      16
      19
      18
      21
      16
      23
      16
      18
      15
       7
      10
      11
      13
       6
       2
       8
      12
       4
      13
       7
       6
      14
       7
       6
       7
       9
       5
       6
       1
       7
       8
       9
       5
       7
       6
       5
       4
       6
       6
      12
       5
       6
      10
       6
       9
       8
      16
      12
       7
       8
      15
       8
      16
      16
      13
      19
      16
      23
      16
      17
      20
      25
      28
      27
      35
      27
      50
      52
      56
      64
      84
      91
     115
     129
     162
     180
     178
     180
     137
     137
     124
     106
      92
      54
      34
      27
      26
      16
      25
      35
      26
      22
      31
      20
      35
      47
      41
      44
      39
      37
      24
      20
      18
      12
      11
       4
       2
       3
       1
       0
       0
       4
       1
       0
       0
       0
       1
       1
       3
       3
       3
       1
       4
       0
       4
       1
       7
       1
       1
       4
       1
       0
       1
       1
       2
       2
       0
       2
       3
       1
       1
       2
       1
       2
       1
       2
       3
       2
       3
       1
       1
       4
       1
       0
       2
       4
       0
       1
       2
       1
       1
       2
       3
       5
       1
       0
       3
       1
       3
       2
       2
       3
       5
       4
       5
       3
       5
       5
       3
       2
       8
       2
       6
       2
       2
       5
       0
       4
       8
       2
       4
       3
       3
       9
       7
      10
       6
       9
      17
      10
      12
      10
      13
      11
       6
       8
       8
       6
       5
       9
       6
       4
       4
       5
       4
       5
       2
       7
       8
       4
       5
       6
       3
      11
       9
       5
      14
       6
       9
      12
      16
      13
      12
      12
      10
      13
      15
      14
      15
      11
      15
      18
      21
      26
      24
      24
      25
      26
      35
      49
      50
      51
      71
      74
     103
     103
      97
     125
     139
     161
     159
     167
     138
     119
      94
      95
      73
      42
      38
      33
      15
      15
      13
      10
      11
       8
      10
      13
       8
       7
       6
       1
       7
       2
       4
       2
       0
       1
       2
       2
       2
       5
       3
       2
       2
       4
       3
       0
       2
       3
       2
       3
       2
       2
       2
       1
       2
       2
       1
       2
       3
       2
       2
       2
       1
       1
       1
       3
       2
       1
       1
       6
       5
       4
       9
       4
       5
       2
       3
       2
       6
       5
       4
       4
       0
       1
       2
       7
       3
       4
       3
       4
       3
       3
       7
       8
       8
       9
      11
       4
       5
       8
       8
       8
      11
      15
      18
      14
      16
      18
      18
      21
      19
      35
      32
      46
      55
      48
      46
      47
      55
      36
      34
      30
      24
      20
      19
      11
       5
       6
       8
       3
       2
       7
       6
       2
       7
       3
       7
       8
       4
       6
       4
       5
       2
       3
       6
       2
       4
       2
       3
       3
       4
       3
       3
       4
       2
       1
       5
       5
       2
       3
       2
       8
       5
       2
       5
       3
       2
       6
       5
       6
       8
       0
       4
       5
       6
       5
       5
       1
       3
      10
       4
       5
      13
       6
       5
       5
       3
       6
       8
       7
       6
       6
       8
       8
      10
       5
      10
       8
       9
       7
       7
       9
       4
      12
       7
      13
       9
      14
       9
      12
      11
      14
      17
       9
      12
      12
       8
      16
      11
      20
      21
      21
      18
      13
      20
      21
      19
      22
      25
      18
      20
      26
      20
      27
      28
      24
      20
      27
      19
      26
      21
      25
      19
      23
      22
      27
      23
      20
      22
      27
      33
      26
      16
      29
      26
      41
      30
      24
      39
      30
      33
      37
      25
      39
      36
      36
      34
      46
      62
      44
      40
      39
      41
      49
      51
      45
      48
      59
      53
      57
      58
      66
      54
      57
      70
      65
      68
      67
      77
      74
      87
      73
      82
      94
      99
      88
     108
      98
      87
     106
     102
     102
     121
     118
     124
     120
     144
     149
     176
     171
     165
     174
     155
     199
     211
     198
     258
     243
     248
     294
     281
     335
     367
     307
     359
     419
     429
     464
     520
     563
     558
     689
     794
     866
    1001
    1092
    1211
    1429
    1617
    1966
    2221
    2561
    2858
    3397
    3717
    4082
    4450
    4588
    4615
    4351
    3871
    3362
    2734
    2064
    1612
    1123
     882
     541
     428
     286
     214
     136
      92
      54
      40
      32
      22
      13
      12
      12
      10
       9
       4
       3
       2
       2
       1
       1
       3
       2
       1
       3
       1
       0
       1
       1
       1
       2
       0
       1
       1
       2
       1
       1
       0
       2
       1
       1
       0
       0
       0
       1
       0
       0
       1
       1
       0
       2
       1
       1
       3
       0
       2
       0
       0
       2
       1
       0
       2
       0
       0
       0
       1
       0
       0
       0
       0
       2
       0
       1
       0
       2
       2
       0
       0
       1
       3
       1
       0
       1
       1
       1
       1
       1
       1
       0
       1
       1
       0
       0
       0
       0
       1
       0
       1
       0
       0
       0
       1
       0
       0
       2
       0
       0
       1
       0
       0
       1
       0
       0
       0
       1
       1
       0
       1
       0
       0
       0
       0
       1
       1
       0
       0
       0
       0
       1
       3
       1
       0
       0
       0
       0
       1
       0
       1
       0
       0
       3
       0
       0
       0
       0
       0
       1
       0
       0
       1
       0
       1
       0
       0
       0
       0
       0
       3
       0
       1
       0
       0
       1
       0
       1
       0
       1
       0
       1
       1
       1
       0
       1
       0
       0
       0
       1
       0
       0
       0
       2
       0
       0
       0
       0
       0
       0
       0
       0
       0
       0
       0
       0
       0
       0
       0
       1
       0
       0
       0
       1
       2
       1
       1
       1
       0
       0
       2
       2
       1
       1
       2
       3
       3
       0
       0
       0
       2
       3
       3
       3
       1
       3
       4
       8
       1
       4
       3
       4
       6
       3
       5
       6
      11
      10
       6
      11
      22
      20
      12
      20
      24
      21
      27
      34
      31
      49
      48
      51
      36
      30
      37
      24
      17
      12
      12
       7
       7
      10
       7
       8
       0
       1
       1
       4
       3
       0
       0
       3
       1
       2
       1
       0
       2
       0
       0
       2
       2
       2
       1
       1
       1
       1
       1
       1
       2
       0
       0
       3
       0
       0
       1
       0
       2
       0
       1
       0
       1
       2
       0
       2
       1
       1
       1
       0
       0
       0
       2
       0
       0
       0
       3
       0
       0
       0
       0
       0
       0
       0
       0
       0
       1
       3
       1
       1
       1
       0
       0
       1
       1
       0
       0
       1
       1
       1
       0
       0
       0
       0
       2
       0
       1
       0
       5
       2
       1
       2
       0
       0
       3
       1
       2
       0
       1
       2
       0
       1
       4
       1
       0
       3
       2
       4
       1
       2
       0
       1
       2
       1
       1
       3
       6
       6
       1
       3
       9
      10
       2
       5
       5
       6
      11
       9
       9
       8
      16
       5
      14
      13
      18
      16
      34
      26
      21
      36
      38
      41
      61
      71
      64
      86
      84
      69
      83
      75
      62
      57
      37
      31
      12
      11
       4
       6
       4
       1
       3
       4
       1
       2
       0
       1
       4
       0
       1
       2
       0
       1
       0
       0
       0
       1
       0
       1
       0
       1
       3
       1
       3
       1
       0
       0
       2
       4
       1
       2
       0
       3
       1
       0
       0
       1
       5
       0
       0
       0
       1
       1
       0
       1
       2
       1
       2
       3
       3
       1
       4
       0
       3
       2
       0
       3
       1
       1
       2
       1
       1
       2
       1
       3
       3
       2
       1
       1
       0
       3
       1
       0
       0
       2
       1
       0
       4
       0
       2
       1
       1
       1
       1
       0
       1
       0
       0
       1
       0
       0
       1
       1
       1
       0
       0
       1
       1
       2
       1
       1
       3
       3
       1
       0
       1
       1
       1
       0
       0
       0
       1
       0
       0
       1
       0
       2
       0
       1
       1
       2
       1
       0
       0
       0
       0
       1
       1
       0
       0
       1
       0
       1
       0
       1
       2
       0
       3
       2
       1
       0
       1
       0
       1
       0
       1
       0
       0
       1
       1
       0
       1
       0
       0
       1
       1
       1
       2
       0
       0
       1
       1
       1
       0
       1
       0
       0
       0
       1
       0
       0
       1
       0
       3
       2
       1
       1
       2
       1
       0
       0
       1
       2
       1
       1
       1
       1
       0
       0
       1
       1
       0
       0
       0
       0
       1
       0
       2
       0
       0
       0
       0
       1
       1
       0
       0
       0
       0
       1
       0
       0
       0
       0
       0
       0
       0
       0
       1
       1
       1
       0
       1
       1
       0
       0
       0
       1
       0
       0
       0
       0
       1
       0
       0
       1
       0
       1
       0
       0
       1
       0
       0
       1
       0
       0
       0
       1
       1
       1
       0
       1
       1
       1
       0
       1
       1
       1
       1
       1
       0
       0
       0
       1
       1
       0
       0
       1
       0
       0
       0
       0
       0
       1
       0
       1
       0
       0
       0
       0
       0
       0
       0
       0
       0
       0
       0
       0
       0
       0
       0
       0
       0
       0
       0
       0
       0
       1
       0
       0
       0
       0
       0
       0
       0
       0
       0
       0
       0
       0
       0
       0
       0
       0
       0
       1
       0
       0
       0
       0
       0
       0
       1
       0
       0
       0
       0
       0
       0
       0
       0
       0
       0
       0
       0
       0
       0
       0
       0
       1
       0
       0
       0
       0
       0
       0
       0
       0
       0
       0
       0
       0
       1
       0
       0
       0
       0
       0
       0
       0
       0
       0
       0
       0
       0
       0
       1
       1
       0
       0
       0
       1
       0
       0
       0
       0
       0
       0
       0
       0
       0
       0
       0
       0
       0
       0
       0
       0
       0
       0
       0
       0
       1
       1
       0
       0
       0
       0
       0
       0
       0
       0
       0
       0
       0
       0
       0
       0
       0
       0
       0
       0
       0
       0
       0
       0
       0
       0
       0
       0
       0
       0
       0
       0
       0
       1
       0
       0
       0
       0
       0
       0
       0
       0
       0
       0
       0
       0
       0
       0
       0
       0
       0
       0
       0
       0
       0
       0
       0
       0
       0
       0
       0
       0
       0
       0
       0
       0
       0
       0
       0
       0
       0
       0
       0
       0
       0
       0
       0
       0
       0
       0
       0
       0
       0
       0
       0
       0
       0
       0
       0
       0
       0
       0
       0
       0
       0
       0
       0
       0
       0
       0
       0
       0
       0
       0
       0
       0
       1
       0
       0
       0
       0
       0
       0
       0
       0
       0
       0
       0
       0
       0
       0
       0
       0
       0
       0
       0
       0
       0
       0
       0
       0
       0
       0
       0
       0
       0
       0
       0
       1
       1
       0
       0
       0
       0
       0
       0
       0
       0
       0
       0
       0
       0
       0
       0
       0
       0
       0
       0
       0
       0
       0
       0
       0
       0
       0
       0
       0
       0
       0
       0
       0
       0
       0
       0
       0
       0
       0
       0
       0
       0
       0
       0
       0
       0
       0
       0
       0
       0
       0
       0
       0
       1
       0
       0
       1
       0
       0
       0
       0
       0
       0
       0
       0
       0
       0
       0
       0
       0
       0
       0
       0
       0
       0
       0
       0
       0
       0
       0
       0
       0
       0
       0
       0
       1
       0
       1
       0
       0
       0
       0
       0
       0
       0
       1
       0
       0
       0
       0
       0
       0
       0
       0
       0
       1
       0
       0
       0
       0
       0
       0
       0
       0
       0
       0
       0
       0
       0
       0
       0
       0
       0
       0
       0
       0
       0
       0
       0
       0
       0
       0
       0
       0
       0
       0
       0
       0
       0
       0
       0
       1
       0
       0
       0
       0
       0
       0
       0
       0
       0
       0
       0
       0
       0
       0
       0
       0
       0
       0
       0
       0
       0
       0
       0
       0
       0
       0
       0
       0
       0
       0
       0
       0
       0
       0
       0
       0
       0
       0
       0
       0
       0
       0
       0
       0
       0
       0
       0
       0
       0
       0
       0
       0
       0
       0
       0
       0
       0
       0
       0
       0
       0
       0
       0
       0
       0
       0
       0
       0
       0
       0
       0
       0
       0
       0
       0
       0
       0
       0
       0
       0
       0
       0
       0
       0
       0
       0
       0
       0
       0
       0
       0
       0
       0
       0
       0
       0
       0
       0
       0
       0
       0
       0
       0
       0
       0
       0
       0
       0
       0
       0
       0
       0
       0
       0
       0
       0
       0
       0
       0
       0
       0
       0
       0
       0
       0
       0
       0
       0
       0
       0
       0
       0
       0
       0
       0
       0
       0
       0
       0
       0
       0
       0
       0
       0
       0
       0
       0
       0
       0
       0
       0
       0
       0
       0
       0
       0
       0
       0
       0
       0
       0
       0
       0
       0
       0
       0
       0
       0
       0
       0
       0
       0
       0
       0
       0
       0
       0
       0
       0
       0
       0
       0
       0
       0
       0
       0
       0
       0
       0
       0
       0
       0
       0
       0
       0
       0
       0
       0
       0
       0
       0
       0
       0
       0
       0
       0
       0
       0
       0
       0
       0
       0
       0
       0
       0
       0
       0
       0
       0
       0
       0
       0
       1
       0
       0
       0
       0
       0
       0
       0
       0
       0
       0
       0
       0
       0
       0
       0
       0
       0
       0
       0
       0
       0
       0
       0
       0
       0
       0
       0
       0
       0
       0
       0
       0
       0
       0
       0
       0
       0
       0
       0
       0
       0
       0
       0
       0
       0
       0
       0
       1
       0
       0
       0
       0
       0
       0
       0
       0
       0
       0
       0
       0
       0
       0
       0
       0
       0
       0
       0
       0
       0
       0
       0
       0
       0
       0
       0
       0
       0
       0
       0
       0
       0
       0
       0
       0
       0
       0
       0
       0
       0
       0
       0
       0
       0
       0
       0
       0
       0
       0
       0
       0
       0
       0
       0
       0
       0
       0
       0
       0
       0
       0
       0
       0
       0
       0
       0
       0
       0
       0
       0
       0
       0
       0
       0
       0
       0
       0
       1
       0
       0
       0
       0
       0
       0
       0
       0
       0
       0
       0
       0
       0
       0
       0
       0
       0
       0
       0
       0
       0
       0
       0
       0
       0
       0
       0
       0
       0
       1
       1
       0
       1
       0
       0
       0
       0
       0
       0
       0
       0
       0
       0
       0
       1
       1
       0
       0
       0
       0
       0
       0
       0
       0
       0
       0
       0
       0
       0
       0
       0
       0
       0
       0
       0
       0
       1
       0
       0
       0
       0
       0
       0
       0
       0
       0
       0
       0
       0
       0
       0
       0
       0
       0
       0
       0
       0
       0
       0
       0
       0
       0
       1
       0
       0
       0
       0
       0
       0
       0
       0
       0
       0
       0
       0
       0
       0
       1
       0
       0
       0
       0
       0
       1
       0
       0
       0
       0
       0
       0
       0
       0
       0
       0
       0
       0
       0
       0
       0
       1
       0
       0
       0
       0
       1
       1
       0
       0
       0
       0
       0
       0
       0
       0
       0
       0
       0
       0
       0
       0
       0
       0
       0
       0
       0
       0
       0
       0
       0
       0
       0
       0
       0
       0
       0
       0
       0
       0
       0
       0
       0
       0
       0
       0
       0
       0
       0
       0
       0
       0
       1
       0
       0
       1
       0
       0
       0
       0
       0
       1
       1
       0
       0
       0
       0
       0
       0
       0
       0
       0
       0
       0
       0
       0
       0
       0
       0
       0
       0
       0
       0
       0
       0
       0
       0
       0
       0
       0
       0
       0
       0
       0
       0
       0
       0
       0
       0
       0
       0
       0
       0
       0
       0
       0
       0
       0
       0
       0
       0
       0
       0
       0
       0
       0
       0
       0
       0
       0
       0
       0
       0
       0
       0
       0
       0
       0
       0
       0
       0
       0
       0
       0
       0
       0
       0
       0
       0
       0
       0
       0
       0
       0
       0
       0
       0
       0
       0
       0
       0
       0
       0
       0
       0
       0
       0
       0
       0
       0
       0
       0
       0
       0
       0
       0
       0
       0
       0
       0
       0
       0
       0
       0
       0
       0
       0
       0
       0
       0
       0
       0
       0
       0
       0
       0
       0
       0
       0
       0
       0
       0
       0
       0
       0
       0
       0
       0
       0
       0
       0
       0
       0
       0
       0
       0
       0
       0
       0
       0
       0
       0
       0
       0
       0
       0
       0
       0
       0
       0
       0
       0
       0
       0
       0
       0
       0
       0
       0
       0
       0
       0
       0
       0
       0
       0
       0
       0
       0
       0
       0
       0
       0
       0
       0
       0
       0
       0
       0
       0
       0
       0
       0
       0
       0
       0
       0
       0
       0
       0
       0
       0
       0
       0
       0
       0
       0
       0
       0
       0
       0
       0
       0
       0
       0
       0
       0
       0
       0
       0
       0
       0
       0
       0
       0
       0
       0
       0
       0
       0
       0
       0
       0
       0
       0
       0
       0
       0
       0
       0
       0
       0
       0
       0
       0
       0
       0
       0
       0
       0
       0
       0
       0
       0
       0
       0
       0
       0
       0
       0
       0
       0
       0
       0
       0
       0
       0
       0
       0
       0
       0
       0
       0
       0
       0
       0
       0
       0
       0
       0
       0
       0
       0
       0
       0
       0
       0
       0
       0
       0
       0
       0
       0
       0
       0
       0
       0
       0
       0
       0
       0
       0
       0
       0
       0
       0
       0
       0
       0
       0
       0
       0
       0
       0
       0
       0
       0
       0
       0
       0
       0
       0
       0
       0
       0
       0
       0
       0
       0
       0
       0
       0
       0
       0
       0
       0
       0
       0
       0
       0
       0
       0
       0
       0
       0
       0
       0
       0
       0
       0
       0
       0
       0
       0
       0
       0
       0
       0
       0
       0
       0
       0
       0
       0
       0
       0
       0
       0
       0
       0
       0
       0
       0
       0
       0
       0
       0
       0
       0
       0
       0
       0
       0
       0
       0
       0
       0
       0
       0
       0
       0
       0
       0
       0
       0
       0
       0
       0
       0
       0
       0
       0
       0
       0
       0
       0
       0
       0
       0
       0
       0
       0
       0
       0
       0
       0
       0
       0
       0
       0
       0
       0
       0
       0
       0
       0
       0
       0
       0
       0
       0
       0
       0
       0
       0
       0
       0
       0
       0
       0
       0
       0
       0
       0
       0
       0
       0
       0
       0
       0
       0
       0
       0
       0
       0
       0
       0
       0
       0
       0
       0
       0
       0
       0
       0
       0
       0
       0
       0
       0
       0
       0
       0
       0
       0
       0
       0
       0
       0
       0
       0
       0
       0
       0
       0
       0
       0
       0
       0
       0
       0
       0
       0
       0
       0
       0
       0
       0
       0
       0
       0
       0
       0
       0
       0
       0
       0
       0
       0
       0
       0
       0
       0
       0
       0
       0
       0
       0
       0
       0
       0
       0
       0
       0
       0
       0
       0
       0
       0
       0
       0
       0
       0
       0
       0
       0
       0
       0
       0
       0
       0
       0
       0
       0
       0
       0
       0
       0
       0
       0
       0
       0
       0
       0
       0
       0
       0
       0
       0
       0
       0
       0
       0
       0
       0
       0
       0
       0
       0
       0
       0
       0
       0
       0
       0
       0
       0
       0
       0
       0
       0
       0
       0
       0
       0
       0
       0
       0
       0
       0
       0
       0
       0
       0
       0
       0
       0
       0
       0
       0
       0
       0
       0
       0
       0
       0
       0
       0
       0
       0
       0
       0
       0
       0
       0
       0
       0
       0
       0
       0
       0
       0
       0
       0
       0
       0
       0
       0
       0
       0
       0
       0
       0
       0
       0
       0
       0
       0
       0
       0
       0
       0
       0
       0
       0
       0
       0
       0
       0
       0
       0
       0
       0
       0
       0
       0
       0
       0
       0
       0
       0
       0
       0
       0
       0
       0
       0
       0
       0
       0
       0
       0
       0
       0
       0
       0
       0
       0
       0
       0
       0
       0
       0
       0
       0
       0
       0
       0
       0
       0
       0
       0
       0
       0
       0
       0
       0
       0
       0
       0
       0
       0
       0
       0
       0
       0
       0
       0
       0
       0
       0
       0
       0
       0
       0
       0
       0
       0
       0
       0
       0
       0
       0
       0
       0
       0
       0
       0
       0
       0
       0
       0
       0
       0
       0
       0
       0
       0
       0
       0
       0
       0
       0
       0
       0
       0
       0
       0
       0
       0
       0
       0
       0
       0
       0
       0
       0
       0
       0
       0
       0
       0
       0
       0
       0
       0
       0
       0
       0
       0
       0
       0
       0
       0
       0
       0
       0
       0
       0
       0
       0
       0
       0
       0
       0
       0
       0
       0
       0
       0
       0
       0
       0
       0
       0
       0
       0
       0
       0
       0
       0
       0
       0
       0
       0
       0
       0
       0
       0
       0
       0
       0
       0
       0
       0
       0
       0
       0
       0
       0
       0
       0
       0
       0
       0
       0
       0
       0
       0
       0
       0
       0
       0
       0
       0
       0
       0
       0
       0
       0
       0
       0
       0
       0
       0
       0
       0
       0
       0
       0
       0
       0
       0
       0
       0
       0
       0
       0
       0
       0
       0
       0
       0
       0
       0
       0
       0
       0
       0
       0
       0
       0
       0
       0
       0
       0
       0
       0
       0
       0
       0
       0
       0
       0
       0
       0
       0
       0
       0
       0
       0
       0
       0
       0
       0
       0
       0
       0
       0
       0
       0
       0
       0
       0
       0
       0
       0
       0
       0
       0
       0
       0
       0
       0
       0
       0
       0
       0
       0
       0
       0
       0
       0
       0
       0
       0
       0
       0
       0
       0
       0
       0
       0
       0
       0
       0
       0
       0
       0
       0
       0
       0
       0
       0
       0
       0
       0
       0
       0
       0
       0
       0
       0
       0
       0
       0
       0
       0
       0
       0
       0
       0
       0
       0
       0
       0
       0
       0
       0
       0
       0
       0
       0
       0
       0
       0
       0
       0
       0
       0
       0
       0
       0
       0
       0
       0
       0
       0
       0
       0
       0
       0
       0
       0
       0
       0
       0
       0
       0
       0
       0
       0
       0
       0
       0
       0
       0
       0
       0
       0
       0
       0
       0
       0
       0
       0
       0
       0
       0
       0
       0
       0
       0
       0
       0
       0
       0
       0
       0
       0
       0
       0
       0
       0
       0
       0
       0
       0
       0
       0
       0
       0
       0
       0
       0
       0
       0
       0
       0
       0
       0
       0
       0
       0
       0
       0
       0
       0
       0
       0
       0
       0
       0
       0
       0
       0
       0
       0
       0
       0
       0
       0
       0
       0
       0
       0
       0
       0
       0
       0
       0
       0
       0
       0
       0
       0
       0
       0
       0
       0
       0
       0
       0
       0
       0
       0
       0
       0
       0
       0
       0
       0
       0
       0
       0
       0
       0
       0
       0
       0
       0
       0
       0
       0
       0
       0
       0
       0
       0
       0
       0
       0
       0
       0
       0
       0
       0
       0
       0
       0
       0
       0
       0
       0
       0
       0
       0
       0
       0
       0
       0
       0
       0
       0
       0
       0
       0
       0
       0
       0
       0
       0
       0
       0
       0
       0
       0
       0
       0
       0
       0
       0
       0
       0
       0
       0
       0
       0
       0
       0
       0
       0
       0
       0
       0
       0
       0
       0
       0
       0
       0
       0
       0
       0
       0
       0
       0
       0
       0
       0
       0
       0
       0
       0
       0
       0
       0
       0
       0
       0
       0
       0
       0
       0
       0
       0
       0
       0
       0
       0
       0
       0
       0
       0
       0
       0
       0
       0
       0
       0
       0
       0
       0
       0
       0
       0
       0
       0
       0
       0
       0
       0
       0
       0
       0
       0
       0
       0
       0
       0
       0
       0
       0
       0
       0
       0
       0
       0
       0
       0
       0
       0
       0
       0
       0
       0
       0
       0
       0
       0
       0
       0
       0
       0
       0
       0
       0
       0
       0
       0
       0
       0
       0
       0
       0
       0
       0
       0
       0
       0
       0
       0
       0
       0
       0
       0
       0
       0
       0
       0
       0
       0
       0
       0
       0
       0
       0
       0
       0
       0
       0
       0
       0
       0
       0
       0
       0
       0
       0
       0
       0
       0
       0
       0
       0
       0
       0
       0
       0
       0
       0
       0
       0
       0
       0
       0
       0
       0
       0
       0
       0
       0
       0
       0
       0
       0
       0
       0
       0
       0
       0
       0
       0
       0
       0
       0
       0
       0
       0
       0
       0
       0
       0
       0
       0
       0
       0
       0
       0
       0
       0
       0
       0
       0
       0
       0
       0
       0
       0
       0
       0
       0
       0
       0
       0
       0
       0
       0
       0
       0
       0
       0
       0
       0
       0
       0
       0
       0
       0
       0
       0
       0
       0
       0
       0
       0
       0
       0
       0
       0
       0
       0
       0
       0
       0
       0
       0
       0
       0
       0
       0
       0
       0
       0
       0
       0
       0
       0
       0
       0
       0
       0
       0
       0
       0
       0
       0
       0
       0
       0
       0
       0
       0
       0
       0
       0
       0
       0
       0
       0
       0
       0
       0
       0
       0
       0
       0
       0
       0
       0
       0
       0
       0
       0
       0
       0
       0
       0
       0
       0
       0
       0
       0
       0
       0
       0
       0
       0
       0
       0
       0
       0
       0
       0
       0
       0
       0
       0
       0
       0
       0
       0
       0
       0
       0
       0
       0
       0
       0
       0
       0
       0
       0
       0
       0
       0
       0
       0
       0
       0
       0
       0
       0
       0
       0
       0
       0
       0
       0
       0
       0
       0
       0
       0
       0
       0
       0
       0
       0
       0
       0
       0
       0
       0
       0
       0
       0
       0
       0
       0
       0
       0
       0
       0
       0
       0
       0
       0
       0
       0
       0
       0
       0
       0
       0
       0
       0
       0
       0
       0
       0
       0
       0
       0
       0
       0
       0
       0
       0
       0
       0
       0
       0
       0
       0
       0
       0
       0
       0
       0
       0
       0
       0
       0
       0
       0
       0
       0
       0
       0
       0
       0
       0
       0
       0
       0
       0
       0
       0
       0
       0
       0
       0
       0
       0
       0
       0
       0
       0
       0
       0
       0
       0
       0
       0
       0
       0
       0
       0
       0
       0
       0
       0
       0
       0
       0
       0
       0
       0
       0
       0
       0
       0
       0
       0
       0
       0
       0
       0
       0
       0
       0
       0
       0
       0
       0
       0
       0
       0
       0
       0
       0
       0
       0
       0
       0
       0
       0
       0
       0
       0
       0
       0
       0
       0
       0
       0
       0
       0
       0
       0
       0
       0
       0
       0
       0
       0
       0
       0
       0
       0
       0
       0
       0
       0
       0
       0
       0
       0
       0
       0
       0
       0
       0
       0
       0
       0
       0
       0
       0
       0
       0
       0
       0
       0
       0
       0
       0
       0
       0
       0
       0
       0
       0
       0
       0
       0
       0
       0
       0
       0
       0
       0
       0
       0
       0
       0
       0
       0
       0
       0
       0
       0
       0
       0
       0
       0
       0
       0
       0
       0
       0
       0
       0
       0
       0
       0
       0
       0
       0
       0
       0
       0
       0
       0
       0
       0
       0
       0
       0
       0
       0
       0
       0
       0
       0
       0
       0
       0
       0
       0
       0
       0
       0
       0
       0
       0
       0
       0
       0
       0
       0
       0
       0
       0
       0
       0
       0
       0
       0
       0
       0
       0
       0
       0
       0
       0
       0
       0
       0
       0
       0
       0
       0
       0
       0
       0
       0
       0
       0
       0
       0
       0
       0
       0
       0
       0
       0
       0
       0
       0
       0
       0
       0
       0
       0
       0
       0
       0
       0
       0
       0
       0
       0
       0
       0
       0
       0
       0
       0
       0
       0
       0
       0
       0
       0
       0
       0
       0
       0
       0
       0
       0
       0
       0
       0
       0
       0
       0
       0
       0
       0
       0
       0
       0
       0
       0
       0
       0
       0
       0
       0
       0
       0
       0
       0
       0
       0
       0
       0
       0
       0
       0
       0
       0
       0
       0
       0
       0
       0
       0
       0
       0
       0
       0
       0
       0
       0
       0
       0
       0
       0
       0
       0
       0
       0
       0
       0
       0
       0
       0
       0
       0
       0
       0
       0
       0
       0
       0
       0
       0
       0
       0
       0
       0
       0
       0
       0
       0
       0
       0
       0
       0
       0
       0
       0
       0
       0
       0
       0
       0
       0
       0
       0
       0
       0
       0
       0
       0
       0
       0
       0
       0
       0
       0
       0
       0
       0
       0
       0
       0
       0
       0
       0
       0
       0
       0
       0
       0
       0
       0
       0
       0
       0
       0
       0
       0
       0
       0
       0
       0
       0
       0
       0
       0
       0
       0
       0
       0
       0
       0
       0
       0
       0
       0
       0
       0
       0
       0
       0
       0
       0
       0
       0
       0
       0
       0
       0
       0
       0
       0
       0
       0
       0
       0
       0
       0
       0
       0
       0
       0
       0
       0
       0
       0
       0
       0
       0
       0
       0
       0
       0
       0
       0
       0
       0
       0
       0
       0
       0
       0
       0
       0
       0
       0
       0
       0
       0
       0
       0
       0
       0
       0
       0
       0
       0
       0
       0
       0
       0
       0
       0
       0
       0
       0
       0
       0
       0
       0
       0
       0
       0
       0
       0
       0
       0
       0
       0
       0
       0
       0
       0
       0
       0
       0
       0
       0
       0
       0
       0
       0
       0
       0
       0
       0
       0
       0
       0
       0
       0
       0
       0
       0
       0
       0
       0
       0
       0
       0
       0
       0
       0
       0
       0
       0
       0
       0
       0
       0
       0
       0
       0
       0
       0
       0
       0
       0
       0
       0
       0
       0
       0
       0
       0
       0
       0
       0
       0
       0
       0
       0
       0
       0
       0
       0
       0
       0
       0
       0
       0
       0
       0
       0
       0
       0
       0
       0
       0
       0
       0
       0
       0
       0
       0
       0
       0
       0
       0
       0
       0
       0
       0
       0
       0
       0
       0
       0
       0
       0
       0
       0
       0
       0
       0
       0
       0
       0
       0
       0
       0
       0
       0
       0
       0
       0
       0
       0
       0
       0
       0
       0
       0
       0
       0
       0
       0
       0
       0
       0
       0
       0
       0
       0
       0
       0
       0
       0
       0
       0
       0
       0
       0
       0
       0
       0
       0
       0
       0
       0
       0
       0
       0
       0
       0
       0
       0
       0
       0
       0
       0
       0
       0
       0
       0
       0
       0
       0
       0
       0
       0
       0
       0
       0
       0
       0
       0
       0
       0
       0
       0
       0
       0
       0
       0
       0
       0
       0
       0
       0
       0
       0
       0
       0
       0
       0
       0
       0
       0
       0
       0
       0
       0
       0
       0
       0
       0
       0
       0
       0
       0
       0
       0
       0
       0
       0
       0
       0
       0
       0
       0
       0
       0
       0
       0
       0
       0
       0
       0
       0
       0
       0
       0
       0
       0
       0
       0
       0
       0
       0
       0
       0
       0
       0
       0
       0
       0
       0
       0
       0
       0
       0
       0
       0
       0
       0
       0
       0
       0
       0
       0
       0
       0
       0
       0
       0
       0
       0
       0
       0
       0
       0
       0
       0
       0
       0
       0
       0
       0
       0
       0
       0
       0
       0
       0
       0
       0
       0
       0
       0
       0
       0
       0
       0
       0
       0
       0
       0
       0
       0
       0
       0
       0
       0
       0
       0
       0
       0
       0
       0
       0
       0
       0
       0
       0
       0
       0
       0
       0
       0
       0
       0
       0
       0
       0
       0
       0
       0
       0
       0
       0
       0
       0
       0
       0
       0
       0
       0
       0
       0
       0
       0
       0
       0
       0
       0
       0
       0
       0
       0
       0
       0
       0
       0
       0
       0
       0
       0
       0
       0
       0
       0
       0
       0
       0
       0
       0
       0
       0
       0
       0
       0
       0
       0
       0
       0
       0
       0
       0
       0
       0
       0
       0
       0
       0
       0
       0
       0
       0
       0
       0
       0
       0
       0
       0
       0
       0
       0
       0
       0
       0
       0
       0
       0
       0
       0
       0
       0
       0
       0
       0
       0
       0
       0
       0
       0
       0
       0
       0
       0
       0
       0
       0
       0
       0
       0
       0
       0
       0
       0
       0
       0
       0
       0
       0
       0
       0
       0
       0
       0
       0
       0
       0
       0
       0
       0
       0
       0
       0
       0
       0
       0
       0
       0
       0
       0
       0
       0
       0
       0
       0
       0
       0
       0
       0
       0
       0
       0
       0
       0
       0
       0
       0
       0
       0
       0
       0
       0
       0
       0
       0
       0
       0
       0
       0
       0
       0
       0
       0
       0
       0
       0
       0
       0
       0
       0
       0
       0
       0
       0
       0
       0
       0
       0
       0
       0
       0
       0
       0
       0
       0
       0
       0
       0
       0
       0
       0
       0
       0
       0
       0
       0
       0
       0
       0
       0
       0
       0
       0
       0
       0
       0
       0
       0
       0
       0
       0
       0
       0
       0
       0
       0
       0
       0
       0
       0
       0
       0
       0
       0
       0
       0
       0
       0
       0
       0
       0
       0
       0
       0
       0
       0
       0
       0
       0
       0
       0
       0
       0
       0
       0
       0
       0
       0
       0
       0
       0
       0
       0
       0
       0
       0
       0
       0
       0
       0
       0
       0
       0
       0
       0
       0
       0
       0
       0
       0
       0
       0
       0
       0
       0
       0
       0
       0
       0
       0
       0
       0
       0
       0
       0
       0
       0
       0
       0
       0
       0
       0
       0
       0
       0
       0
       0
       0
       0
       0
       0
       0
       0
       0
       0
       0
       0
       0
       0
       0
       0
       0
       0
       0
       0
       0
       0
       0
       0
       0
       0
       0
       0
       0
       0
       0
       0
       0
       0
       0
       0
       0
       0
       0
       0
       0
       0
       0
       0
       0
       0
       0
       0
       0
       0
       0
       0
       0
       0
       0
       0
       0
       0
       0
       0
       0
       0
       0
       0
       0
       0
       0
       0
       0
       0
       0
       0
       0
       0
       0
       0
       0
       0
       0
       0
       0
       0
       0
       0
       0
       0
       0
       0
       0
       0
       0
       0
       0
       0
       0
       0
       0
       0
       0
       0
       0
       0
       0
       0
       0
       0
       0
       0
       0
       0
       0
       0
       0
       0
       0
       0
       0
       0
       0
       0
       0
       0
       0
       0
       0
       0
       0
       0
       0
       0
       0
       0
       0
       0
       0
       0
       0
       0
       0
       0
       0
       0
       0
       0
       0
       0
       0
       0
       0
       0
       0
       0
       0
       0
       0
       0
       0
       0
       0
       0
       0
       0
       0
       0
       0
       0
       0
       0
       0
       0
       0
       0
       0
       0
       0
       0
       0
       0
       0
       0
       0
       0
       0
       0
       0
       0
       0
       0
       0
       0
       0
       0
       0
       0
       0
       0
       0
       0
       0
       0
       0
       0
       0
       0
       0
       0
       0
       0
       0
       0
       0
       0
       0
       0
       0
       0
       0
       0
       0
       0
       0
       0
       0
       0
       0
       0
       0
       0
       0
       0
       0
       0
       0
       0
       0
       0
       0
       0
       0
       0
       0
       0
       0
       0
       0
       0
       0
       0
       0
       0
       0
       0
       0
       0
       0
       0
       0
       0
       0
       0
       0
       0
       0
       0
       0
       0
       0
       0
       0
       0
       0
       0
       0
       0
       0
       0
       0
       0
       0
       0
       0
       0
       0
       0
       0
       0
       0
       0
       0
       0
       0
       0
       0
       0
       0
       0
       0
       0
       0
       0
       0
       0
       0
       0
       0
       0
       0
       0
       0
       0
       0
       0
       0
       0
       0
       0
       0
       0
       0
       0
       0
       0
       0
       0
       0
       0
       0
       0
       0
       0
       0
       0
       0
       0
       0
       0
       0
       0
       0
       0
       0
       0
       0
       0
       0
       0
       0
       0
       0
       0
       0
       0
       0
       0
       0
       0
       0
       0
       0
       0
       0
       0
       0
       0
       0
       0
       0
       0
       0
       0
       0
       0
       0
       0
       0
       0
       0
       0
       0
       0
       0
       0
       0
       0
       0
       0
       0
       0
       0
       0
       0
       0
       0
       0
       0
       0
       0
       0
       0
       0
       0
       0
       0
       0
       0
       0
       0
       0
       0
       0
       0
       0
       0
       0
       0
       0
       0
       0
       0
       0
       0
       0
       0
       0
       0
       0
       0
       0
       0
       0
       0
       0
       0
       0
       0
       0
       0
       0
       0
       0
       0
       0
       0
       0
       0
       0
       0
       0
       0
       0
       0
       0
       0
       0
       0
       0
       0
       0
       0
       0
       0
       0
       0
       0
       0
       0
       0
       0
       0
       0
       0
       0
       0
       0
       0
       0
       0
       0
       0
       0
       0
       0
       0
       0
       0
       0
       0
       0
       0
       0
       0
       0
       0
       0
       0
       0
       0
       0
       0
       0
       0
       0
       0
       0
       0
       0
       0
       0
       0
       0
       0
       0
       0
       0
       0
       0
       0
       0
       0
       0
       0
       0
       0
       0
       0
       0
       0
       0
       0
       0
       0
       0
       0
       0
       0
       0
       0
       0
       0
       0
       0
       0
       0
       0
       0
       0
       0
       0
       0
       0
       0
       0
       0
       0
       0
       0
       0
       0
       0
       0
       0
       0
       0
       0
       0
       0
       0
       0
       0
       0
       0
       0
       0
       0
       0
       0
       0
       0
       0
       0
       0
       0
       0
       0
       0
       0
       0
       0
       0
       0
       0
       0
       0
       0
       0
       0
       0
       0
       0
       0
       0
       0
       0
       0
       0
       0
       0
       0
       0
       0
       0
       0
       0
       0
       0
       0
       0
       0
       0
       0
       0
       0
       0
       0
       0
       0
       0
       0
       0
       0
       0
       0
       0
       0
       0
       0
       0
       0
       0
       0
       0
       0
       0
       0
       0
       0
       0
       0
       0
       0
       0
       0
       0
       0
       0
       0
       0
       0
       0
       0
       0
       0
       0
       0
       0
       0
       0
       0
       0
       0
       0
       0
       0
       0
       0
       0
       0
       0
       0
       0
       0
       0
       0
       0
       0
       0
       0
       0
       0
       0
       0
       0
       0
       0
       0
       0
       0
       0
       0
       0
       0
       0
       0
       0
       0
       0
       0
       0
       0
       0
       0
       0
       0
       0
       0
       0
       0
       0
       0
       0
       0
       0
       0
       0
       0
       0
       0
       0
       0
       0
       0
       0
       0
       0
       0
       0
       0
       0
       0
       0
       0
       0
       0
       0
       0
       0
       0
       0
       0
       0
       0
       0
       0
       0
       0
       0
       0
       0
       0
       0
       0
       0
       0
       0
       0
       0
       0
       0
       0
       0
       0
       0
       0
       0
       0
       0
       0
       0
       0
       0
       0
       0
       0
       0
       0
       0
       0
       0
       0
       0
       0
       0
       0
       0
       0
       0
       0
       0
       0
       0
       0
       0
       0
       0
       0
       0
       0
       0
       0
       0
       0
       0
       0
       0
       0
       0
       0
       0
       0
       0
       0
       0
       0
       0
       0
       0
       0
       0
       0
       0
       0
       0
       0
       0
       0
       0
       0
       0
       0
       0
       0
       0
       0
       0
       0
       0
       0
       0
       0
       0
       0
       0
       0
       0
       0
       0
       0
       0
       0
       0
       0
       0
       0
       0
       0
       0
       0
       0
       0
       0
       0
       0
       0
       0
       0
       0
       0
       0
       0
       0
       0
       0
       0
       0
       0
       0
       0
       0
       0
       0
       0
       0
       0
       0
       0
       0
       0
       0
       0
       0
       0
       0
       0
       0
       0
       0
       0
       0
       0
       0
       0
       0
       0
       0
       0
       0
       0
       0
       0
       0
       0
       0
       0
       0
       0
       0
       0
       0
       0
       0
       0
       0
       0
       0
       0
       0
       0
       0
       0
       0
       0
       0
       0
       0
       0
       0
       0
       0
       0
       0
       0
       0
       0
       0
       0
       0
       0
       0
       0
       0
       0
       0
       0
       0
       0
       0
       0
       0
       0
       0
       0
       0
       0
       0
       0
       0
       0
       0
       0
       0
       0
       0
       0
       0
       0
       0
       0
       0
       0
       0
$ROI:
7
1525 1824
1849 2074
2089 2301
2584 2671
2712 2918
3060 3173
3214 3353
$PRESETS:
None
0
0
$ENER_FIT:
14.836496 2.647769
$MCA_CAL:
3
1.483650E+001 2.647769E+000 6.014252E-006 keV
$SHAPE_CAL:
3
1.248785E+001 0.000000E+000 0.000000E+000
