$SPEC_ID:
Am-241 TW
$SPEC_REM:
DET# 1
DETDESC# HERL_ALPHA Easy-MCA-8k SN 14196717
AP# Maestro Version 7.01
$DATE_MEA:
11/19/2018 16:26:24
$MEAS_TIM:
82065 82066
$DATA:
0 8191
       0
       0
       0
       0
       0
       0
       0
       0
       0
       0
       0
       0
       1
       1
       0
       0
       0
       0
       0
       0
       0
       0
       0
       0
       0
       0
       0
       0
       0
       0
       0
       0
       0
       0
       0
       0
       0
       0
       1
       0
       0
       0
       0
       0
       0
       0
       0
       0
       0
       0
       0
       0
       0
       0
       0
       0
       0
       0
       0
       0
       0
       0
       0
       0
       0
       0
       0
       0
       0
       1
       0
       0
       1
       0
       1
       0
       0
       2
       1
       1
       0
       0
       0
       0
       0
       0
       0
       1
       0
       1
       0
       0
       2
       0
       0
       1
       0
       0
       1
       0
       0
       1
       0
       0
       1
       1
       1
       1
       0
       0
       0
       1
       0
       0
       1
       1
       0
       0
       1
       0
       1
       0
       0
       0
       0
       0
       1
       0
       0
       0
       0
       0
       1
       0
       0
       1
       0
       0
       0
       0
       0
       0
       1
       0
       2
       0
       0
       0
       0
       0
       0
       0
       0
       1
       0
       0
       1
       0
       0
       0
       1
       1
       0
       0
       0
       0
       0
       1
       0
       0
       0
       1
       0
       0
       1
       0
       0
       1
       1
       0
       0
       0
       1
       1
       0
       0
       0
       1
       0
       0
       0
       0
       0
       3
       2
       0
       0
       0
       1
       1
       0
       0
       0
       1
       0
       1
       1
       0
       1
       0
       0
       0
       0
       0
       0
       0
       1
       1
       0
       1
       0
       0
       1
       0
       0
       0
       1
       0
       0
       0
       0
       0
       0
       0
       1
       1
       0
       0
       0
       0
       0
       1
       0
       0
       1
       0
       0
       0
       0
       0
       0
       0
       2
       0
       1
       1
       1
       2
       0
       0
       0
       0
       3
       0
       0
       2
       0
       0
       0
       1
       0
       0
       0
       0
       0
       0
       0
       0
       0
       0
       0
       1
       0
       0
       0
       0
       0
       0
       2
       0
       0
       2
       1
       2
       0
       0
       0
       1
       1
       2
       1
       0
       0
       0
       0
       0
       0
       0
       0
       1
       0
       1
       1
       1
       1
       0
       1
       0
       0
       0
       0
       0
       0
       0
       0
       0
       1
       2
       0
       0
       0
       0
       1
       0
       1
       1
       0
       0
       1
       0
       0
       2
       1
       0
       0
       1
       0
       1
       0
       0
       0
       0
       0
       2
       2
       1
       2
       1
       1
       0
       0
       0
       1
       0
       1
       0
       2
       0
       1
       0
       0
       0
       0
       1
       0
       0
       2
       1
       0
       0
       0
       0
       0
       0
       1
       0
       0
       0
       1
       0
       0
       0
       1
       2
       1
       0
       1
       0
       1
       0
       1
       0
       0
       0
       2
       0
       1
       0
       0
       0
       0
       0
       0
       0
       0
       1
       0
       0
       0
       0
       0
       0
       0
       0
       0
       0
       1
       0
       0
       0
       0
       0
       2
       1
       0
       0
       2
       0
       1
       0
       0
       0
       2
       0
       0
       1
       1
       0
       1
       0
       0
       1
       1
       0
       1
       0
       0
       2
       0
       0
       1
       0
       0
       0
       0
       0
       0
       0
       0
       0
       1
       1
       1
       0
       0
       0
       1
       0
       0
       0
       1
       1
       1
       0
       0
       0
       0
       2
       0
       1
       0
       0
       0
       0
       0
       0
       0
       0
       0
       0
       0
       0
       1
       0
       0
       1
       0
       0
       0
       0
       0
       0
       0
       0
       0
       2
       0
       0
       1
       1
       0
       0
       0
       0
       0
       1
       0
       0
       0
       2
       1
       0
       1
       0
       0
       2
       1
       0
       0
       0
       1
       0
       0
       1
       1
       1
       2
       0
       0
       0
       1
       0
       0
       0
       0
       1
       0
       1
       1
       1
       0
       0
       1
       0
       0
       0
       0
       0
       0
       0
       0
       0
       0
       1
       0
       0
       0
       0
       0
       0
       0
       0
       0
       0
       1
       0
       1
       0
       0
       1
       1
       1
       1
       0
       0
       0
       0
       0
       0
       0
       1
       0
       0
       1
       2
       0
       1
       1
       1
       0
       1
       0
       0
       0
       1
       0
       0
       0
       0
       0
       1
       0
       0
       0
       1
       1
       2
       0
       2
       0
       1
       0
       0
       0
       0
       0
       1
       2
       0
       0
       0
       0
       0
       0
       0
       0
       1
       0
       1
       0
       1
       0
       1
       0
       1
       3
       0
       0
       1
       2
       2
       1
       0
       1
       0
       0
       0
       0
       2
       1
       1
       0
       1
       1
       0
       0
       0
       0
       1
       0
       0
       0
       0
       0
       1
       1
       0
       0
       0
       1
       0
       0
       1
       0
       0
       0
       0
       0
       0
       0
       1
       1
       3
       1
       0
       0
       0
       0
       1
       0
       1
       0
       1
       0
       0
       0
       2
       0
       1
       0
       1
       1
       0
       0
       1
       0
       1
       0
       1
       0
       0
       0
       0
       1
       0
       0
       1
       1
       1
       2
       0
       1
       0
       1
       0
       1
       1
       0
       1
       0
       0
       0
       0
       0
       0
       0
       0
       1
       2
       1
       0
       0
       0
       1
       1
       0
       1
       1
       0
       0
       1
       1
       1
       3
       0
       0
       1
       0
       0
       0
       1
       2
       1
       1
       2
       1
       0
       0
       0
       0
       1
       0
       1
       0
       0
       2
       1
       0
       0
       1
       1
       0
       1
       0
       0
       0
       3
       1
       0
       0
       0
       0
       1
       1
       0
       1
       1
       1
       0
       0
       1
       2
       1
       2
       1
       0
       1
       0
       0
       2
       1
       0
       0
       0
       0
       1
       1
       0
       0
       1
       0
       2
       0
       1
       1
       0
       0
       4
       2
       0
       1
       0
       0
       0
       0
       2
       1
       0
       0
       1
       0
       0
       0
       0
       0
       1
       0
       0
       1
       1
       1
       2
       1
       0
       1
       2
       1
       0
       0
       1
       1
       2
       0
       1
       1
       0
       0
       0
       1
       1
       2
       1
       1
       0
       0
       1
       0
       0
       1
       1
       2
       2
       0
       2
       0
       0
       0
       0
       1
       1
       0
       2
       3
       1
       0
       2
       0
       0
       0
       1
       0
       0
       2
       1
       0
       4
       0
       3
       0
       0
       0
       3
       2
       0
       3
       0
       2
       0
       0
       1
       1
       0
       1
       1
       1
       3
       0
       2
       1
       0
       2
       2
       3
       2
       3
       1
       2
       1
       1
       3
       1
       0
       2
       2
       1
       1
       0
       1
       1
       4
       1
       1
       1
       0
       1
       1
       1
       1
       2
       1
       1
       0
       1
       1
       0
       1
       0
       0
       1
       1
       0
       1
       1
       1
       2
       1
       3
       1
       2
       0
       0
       2
       2
       1
       1
       2
       2
       2
       2
       2
       1
       1
       3
       1
       1
       3
       1
       1
       2
       2
       1
       1
       2
       1
       2
       3
       2
       1
       1
       2
       0
       1
       1
       0
       2
       0
       2
       0
       1
       2
       1
       3
       2
       1
       3
       0
       1
       2
       1
       1
       4
       2
       1
       2
       2
       0
       4
       2
       3
       1
       2
       2
       1
       5
       2
       0
       1
       4
       2
       2
       4
       3
       3
       3
       6
       2
       2
       1
       0
       2
       2
       6
       3
       7
       3
       1
       3
       2
       3
       4
       3
       2
       3
       2
       3
       5
       2
       5
       2
       5
       3
       3
       7
       6
       1
       2
       5
       5
       5
       5
       2
       9
      11
       9
       5
       6
       5
       3
       9
       6
       5
       8
       6
       5
       8
      13
       8
      16
       9
      17
      16
      20
      13
      17
      21
      20
      30
      25
      25
      27
      31
      37
      39
      35
      47
      49
      56
      47
      58
      56
      67
      68
      77
     100
      98
      90
      85
     108
     105
      93
     102
     116
     126
     149
     123
     136
     137
     141
     137
     116
     172
     150
     167
     126
     150
     126
     120
     131
     119
     112
     128
     134
     102
     111
     110
      91
      87
      76
      87
      90
      77
      75
      72
      58
      68
      44
      43
      42
      49
      39
      43
      32
      26
      18
      26
      19
      11
      16
      16
      13
       4
       8
      11
       4
       7
       5
      11
       9
       7
       3
       5
       6
       1
       5
       2
       4
       5
       3
       6
       2
       7
       3
       2
       2
       3
       3
       4
       1
       3
       4
       1
       3
       1
       6
       5
       2
       4
       5
       2
       2
       2
       4
       2
       7
       3
       2
       2
       3
       3
       4
       1
       3
       1
       3
       7
       3
       4
       3
       5
       5
       7
       4
       4
       3
       4
       3
       3
       5
       3
       4
       5
       7
       1
       5
       3
       5
       5
       5
       5
       4
       2
       4
       2
       8
       3
       8
       8
       4
       7
       5
       9
       3
      12
       7
       5
       4
       6
       1
       8
       4
       6
       7
       8
      13
      11
       6
       2
       8
       7
       9
       7
      10
       6
       7
       4
       8
      10
       8
       5
       5
       7
       8
       6
       2
       8
       6
      10
       9
       9
       7
       8
       5
      10
       7
      15
      10
      10
       7
      11
       7
      13
      10
      16
      16
      10
       7
      11
      10
      10
       3
       8
      17
      14
       8
       7
      14
      11
      14
       9
       8
       9
      14
      14
      16
      17
       9
      11
      13
       9
      14
      10
       5
      15
      15
      12
      10
      16
      14
      14
      14
      10
      12
      11
      25
      11
      17
      15
      12
      16
      13
      24
      17
      19
      18
      13
      22
      25
      17
      18
      15
      22
      23
      15
      25
      26
      26
      20
      22
      20
      25
      17
      33
      27
      16
      36
      28
      28
      28
      32
      26
      17
      44
      32
      30
      29
      39
      27
      19
      33
      38
      43
      30
      27
      36
      33
      44
      42
      33
      44
      33
      43
      53
      39
      51
      39
      55
      56
      51
      56
      65
      69
      57
      91
      73
      75
      67
      99
      90
      95
      93
     133
      93
     125
     137
     127
     148
     151
     180
     181
     181
     190
     216
     230
     265
     266
     303
     329
     356
     385
     405
     426
     507
     502
     601
     623
     641
     709
     726
     832
     861
     994
     930
    1091
    1164
    1164
    1373
    1466
    1429
    1542
    1597
    1649
    1787
    1750
    1881
    1972
    2017
    2091
    2061
    2041
    2075
    2213
    2198
    2211
    2303
    2197
    2247
    2203
    2152
    2156
    2085
    1948
    1947
    1906
    1830
    1775
    1633
    1636
    1545
    1511
    1344
    1312
    1179
    1090
    1045
     943
     936
     841
     730
     721
     587
     550
     504
     465
     402
     372
     332
     271
     278
     210
     194
     145
     144
     114
     108
      84
      81
      71
      60
      49
      33
      30
      24
      20
      10
      15
      13
       6
      11
       6
       8
       2
       3
       4
       3
       3
       3
       0
       1
       1
       1
       0
       0
       1
       0
       0
       1
       2
       0
       1
       0
       0
       0
       0
       0
       2
       0
       0
       0
       0
       0
       0
       1
       1
       0
       0
       0
       0
       0
       0
       1
       0
       0
       0
       0
       0
       0
       0
       0
       0
       0
       0
       0
       0
       0
       0
       0
       0
       1
       0
       1
       0
       0
       0
       0
       1
       0
       1
       0
       0
       0
       0
       0
       0
       0
       0
       0
       0
       0
       0
       0
       0
       1
       0
       0
       1
       0
       0
       0
       0
       0
       0
       1
       1
       0
       0
       0
       1
       0
       1
       0
       0
       0
       0
       0
       0
       0
       0
       0
       0
       0
       0
       0
       0
       1
       0
       0
       0
       0
       0
       1
       2
       1
       0
       1
       0
       0
       0
       0
       0
       1
       1
       0
       0
       2
       0
       0
       0
       0
       1
       0
       0
       1
       1
       0
       1
       0
       0
       1
       0
       0
       1
       0
       1
       0
       0
       0
       1
       0
       0
       1
       0
       0
       0
       1
       1
       1
       1
       0
       1
       0
       0
       0
       0
       1
       0
       1
       0
       0
       0
       0
       0
       1
       2
       0
       0
       0
       1
       0
       0
       2
       0
       0
       0
       0
       0
       0
       1
       0
       0
       0
       0
       0
       1
       0
       0
       0
       0
       0
       0
       0
       0
       1
       0
       0
       1
       1
       0
       1
       0
       0
       1
       0
       0
       0
       1
       1
       0
       1
       1
       0
       0
       0
       0
       0
       0
       1
       0
       1
       1
       0
       0
       0
       0
       0
       0
       0
       1
       0
       0
       0
       0
       0
       0
       1
       0
       0
       0
       0
       0
       0
       0
       0
       0
       0
       0
       0
       0
       1
       0
       0
       0
       0
       2
       1
       0
       1
       0
       0
       0
       1
       0
       0
       0
       1
       0
       1
       0
       0
       0
       0
       1
       0
       0
       1
       0
       1
       0
       0
       0
       0
       1
       0
       0
       0
       1
       0
       0
       1
       0
       0
       1
       0
       0
       1
       1
       0
       0
       0
       0
       0
       0
       0
       1
       0
       1
       0
       1
       1
       0
       1
       0
       0
       0
       2
       1
       0
       0
       0
       2
       0
       0
       0
       1
       1
       0
       1
       0
       2
       1
       0
       2
       0
       1
       1
       0
       1
       0
       0
       0
       0
       0
       1
       2
       0
       0
       0
       1
       0
       0
       0
       0
       0
       1
       0
       0
       0
       1
       0
       0
       1
       0
       0
       1
       0
       1
       0
       1
       0
       0
       1
       1
       0
       3
       0
       0
       1
       1
       0
       0
       0
       0
       0
       0
       1
       0
       1
       1
       0
       1
       1
       1
       1
       3
       1
       1
       0
       2
       0
       3
       2
       1
       0
       0
       0
       0
       0
       0
       1
       1
       0
       0
       1
       0
       0
       2
       0
       0
       3
       1
       0
       0
       1
       1
       1
       2
       1
       0
       1
       0
       2
       0
       0
       1
       1
       0
       2
       0
       0
       2
       2
       1
       0
       0
       1
       1
       0
       0
       2
       1
       0
       2
       1
       1
       0
       2
       1
       0
       0
       1
       2
       0
       1
       0
       0
       2
       1
       1
       1
       0
       1
       0
       1
       0
       0
       1
       2
       1
       0
       3
       1
       2
       0
       1
       2
       1
       2
       0
       1
       1
       0
       0
       0
       0
       0
       0
       0
       0
       1
       1
       4
       2
       0
       1
       0
       1
       2
       2
       0
       0
       1
       2
       0
       0
       0
       1
       2
       0
       0
       0
       0
       2
       0
       0
       0
       0
       1
       1
       1
       0
       1
       1
       0
       0
       0
       0
       0
       0
       0
       0
       1
       0
       0
       1
       0
       0
       1
       0
       0
       0
       0
       0
       1
       0
       0
       0
       0
       1
       1
       0
       1
       1
       0
       0
       0
       0
       0
       0
       0
       0
       0
       0
       0
       0
       2
       1
       0
       0
       0
       0
       0
       1
       2
       1
       0
       1
       0
       0
       0
       0
       0
       0
       1
       0
       0
       0
       0
       1
       0
       0
       0
       1
       1
       0
       1
       1
       0
       1
       0
       0
       0
       0
       0
       0
       0
       0
       0
       0
       1
       0
       0
       0
       0
       0
       2
       2
       0
       0
       2
       1
       0
       0
       0
       2
       0
       0
       0
       2
       1
       0
       1
       0
       0
       0
       0
       0
       0
       1
       0
       0
       1
       0
       2
       1
       1
       1
       3
       0
       1
       0
       0
       0
       0
       0
       1
       1
       0
       0
       1
       1
       0
       1
       0
       1
       0
       0
       0
       1
       1
       0
       1
       0
       0
       0
       0
       1
       0
       0
       2
       0
       0
       0
       2
       1
       2
       0
       0
       0
       0
       1
       1
       0
       1
       2
       1
       1
       2
       0
       0
       0
       0
       1
       1
       2
       1
       0
       0
       0
       1
       4
       0
       1
       2
       3
       2
       0
       0
       0
       0
       0
       0
       0
       1
       0
       1
       1
       0
       1
       1
       0
       1
       0
       4
       2
       1
       1
       0
       1
       1
       1
       0
       0
       0
       2
       0
       0
       1
       0
       0
       1
       0
       0
       0
       0
       1
       1
       2
       1
       0
       2
       0
       0
       1
       0
       0
       0
       2
       2
       0
       2
       0
       0
       3
       0
       1
       1
       2
       1
       1
       0
       1
       2
       1
       0
       1
       1
       1
       1
       0
       0
       1
       1
       1
       0
       1
       0
       1
       0
       0
       0
       1
       1
       1
       1
       0
       1
       1
       0
       1
       0
       0
       0
       1
       1
       0
       0
       0
       0
       2
       1
       0
       0
       1
       0
       1
       1
       0
       1
       1
       0
       1
       2
       1
       0
       1
       0
       0
       0
       2
       0
       1
       2
       1
       2
       1
       1
       4
       1
       2
       1
       1
       1
       0
       2
       0
       1
       1
       0
       2
       0
       1
       2
       1
       2
       1
       1
       1
       2
       0
       3
       0
       1
       2
       3
       1
       0
       2
       2
       2
       0
       1
       0
       1
       2
       6
       2
       4
       2
       3
       1
       6
       8
       5
       4
       5
       2
       5
       2
       6
       4
      10
       6
       6
      11
       7
       9
       6
      13
       8
       7
       8
       4
       4
       4
       9
       7
       6
       9
       7
       5
       5
       8
       5
       5
       5
       5
      10
       3
       4
       4
       9
       7
       3
       6
       2
       5
       5
       7
       1
       1
       4
       3
       2
       6
       3
       4
       5
       2
       7
       3
       1
       3
       1
       0
       5
       3
       3
       4
       3
       1
       4
       1
       2
       1
       2
       8
       5
       5
       5
       2
       4
       3
       7
       4
       3
       3
       2
       3
       4
       7
       8
       4
       6
       2
       4
       4
       3
       2
       2
       2
       6
       6
       2
       4
       3
       4
       2
       4
       4
       5
       3
       3
       1
       2
       5
       2
       3
       3
       3
       4
       2
       5
       3
       3
       1
       3
       4
       6
       2
       2
       2
       5
       4
       2
       0
       3
       5
       4
       3
      11
       1
       2
       3
       2
       3
       4
       4
       3
       4
       2
       2
       0
       1
       1
       2
       4
       5
       2
       6
       3
       4
       9
       1
       7
       2
       4
       3
       3
       6
       3
       7
       2
       5
       4
       5
       7
       7
       3
       4
       5
       3
       3
       7
       5
       5
      11
       5
       4
       2
       3
       4
       7
       1
       6
       5
       3
       6
       5
       6
       5
       0
       2
       6
       2
       4
       8
       1
       9
       6
       5
       6
       4
       2
       4
       9
       7
       6
       9
       6
       6
       7
       6
       6
       5
       7
      11
       9
       4
       8
       7
      10
       9
       7
       8
      12
      19
      10
      15
      10
      13
       8
      13
      13
      13
      17
       9
      18
      12
      11
      11
      14
      16
      10
      16
      16
      15
      13
      21
      20
      13
      12
       7
      10
      14
      13
      13
      14
       9
       9
       5
       5
      13
      10
       5
       4
      10
      11
      14
       7
       6
      15
      11
      17
       9
       9
       9
      11
       8
      15
      15
      14
      11
      20
      10
      16
      10
      19
       6
      12
      13
      10
      15
      20
      13
      23
      19
      21
      16
      20
      12
      27
      19
      32
      11
      29
      34
      23
      30
      28
      30
      30
      29
      23
      37
      34
      34
      42
      46
      42
      45
      45
      58
      55
      35
      44
      75
      61
      57
      60
      55
      67
      63
      79
      59
      73
      88
      82
      81
      83
      99
      77
     102
      95
     124
     123
     107
     130
     137
     115
     128
     133
     138
     132
     153
     133
     147
     131
     152
     150
     169
     149
     138
     160
     141
     146
     142
     148
     136
     138
     150
     139
     130
     131
     114
     114
     126
     127
     104
     107
     105
      89
      85
      89
      82
      67
      61
      62
      65
      62
      69
      51
      42
      44
      39
      32
      30
      33
      23
      33
      27
      16
      16
      19
      16
      13
      20
      11
       7
       9
      14
       2
       8
       6
       5
       1
       5
       5
       2
       2
       3
       2
       3
       2
       3
       0
       2
       2
       2
       0
       2
       0
       1
       0
       2
       3
       4
       1
       1
       1
       3
       1
       1
       1
       0
       1
       0
       0
       0
       0
       0
       0
       0
       0
       0
       0
       1
       2
       2
       1
       3
       0
       0
       1
       0
       1
       2
       0
       1
       1
       0
       0
       1
       0
       1
       0
       0
       1
       0
       0
       0
       1
       0
       1
       0
       2
       0
       0
       1
       0
       1
       1
       0
       0
       0
       0
       1
       0
       0
       2
       1
       2
       0
       0
       1
       0
       1
       1
       0
       0
       0
       1
       0
       0
       0
       0
       1
       1
       3
       2
       0
       0
       0
       0
       0
       1
       1
       0
       0
       1
       0
       1
       0
       1
       0
       0
       0
       0
       1
       0
       0
       0
       2
       0
       1
       1
       0
       0
       0
       0
       2
       0
       0
       0
       1
       1
       0
       0
       0
       0
       0
       0
       0
       1
       0
       0
       2
       1
       0
       2
       0
       1
       0
       1
       3
       0
       1
       0
       0
       1
       1
       1
       1
       1
       0
       1
       1
       2
       1
       0
       1
       1
       1
       0
       0
       2
       0
       1
       1
       2
       1
       1
       0
       5
       1
       1
       2
       0
       0
       0
       1
       2
       0
       1
       1
       1
       0
       1
       0
       0
       1
       2
       0
       0
       0
       1
       0
       0
       1
       0
       0
       0
       1
       0
       0
       0
       3
       0
       1
       0
       0
       1
       1
       0
       1
       0
       1
       1
       1
       1
       2
       0
       0
       2
       0
       2
       1
       2
       2
       1
       0
       1
       1
       0
       0
       2
       0
       2
       1
       1
       1
       1
       1
       0
       3
       3
       1
       1
       2
       2
       1
       0
       2
       1
       0
       0
       0
       0
       2
       1
       0
       0
       1
       1
       1
       1
       1
       1
       1
       1
       2
       4
       0
       3
       3
       1
       3
       7
       4
       1
       2
       4
       4
       2
       1
       4
       4
       2
       4
       6
       3
       5
       4
       4
       6
       7
       9
      11
       6
      11
       3
       7
      10
       1
       9
      14
       9
       8
       7
       9
       9
      17
       6
      10
       9
       6
      15
       8
      10
       6
       8
       7
       4
      14
       8
       6
       5
       3
       8
       5
       2
       7
       4
       6
       2
       3
       3
       1
       3
       5
       3
       2
       4
       4
       3
       4
       2
       2
       3
       2
       0
       1
       2
       1
       2
       2
       0
       1
       2
       0
       2
       5
       3
       0
       1
       1
       3
       2
       2
       1
       3
       2
       2
       3
       0
       2
       3
       0
       2
       3
       1
       1
       2
       2
       1
       1
       0
       1
       4
       1
       1
       1
       1
       0
       1
       4
       1
       0
       1
       1
       1
       2
       2
       0
       0
       1
       1
       3
       4
       0
       0
       1
       1
       1
       2
       3
       2
       1
       0
       4
       2
       2
       1
       0
       0
       1
       2
       1
       1
       1
       2
       0
       2
       1
       2
       1
       0
       1
       2
       2
       0
       2
       0
       2
       1
       1
       1
       3
       2
       0
       2
       1
       0
       0
       2
       0
       2
       1
       0
       0
       2
       1
       0
       0
       1
       0
       3
       1
       1
       3
       1
       2
       0
       0
       0
       0
       1
       1
       0
       0
       1
       1
       0
       3
       1
       1
       1
       0
       2
       0
       1
       3
       1
       2
       0
       1
       0
       2
       1
       2
       1
       3
       1
       2
       0
       2
       3
       2
       1
       2
       1
       2
       0
       0
       0
       1
       4
       2
       2
       1
       0
       4
       0
       2
       2
       0
       4
       1
       1
       2
       3
       1
       0
       1
       2
       0
       1
       1
       2
       1
       2
       1
       1
       3
       2
       1
       3
       3
       1
       4
       1
       2
       3
       2
       1
       3
       1
       1
       2
       1
       1
       0
       3
       6
       1
       3
       1
       4
       4
       1
       3
       4
       3
       5
       3
       1
       0
       3
       6
       5
       4
       6
       4
       2
       4
       1
       3
       5
       3
       3
       0
       1
       1
       1
       4
       1
       3
       1
       1
       2
       1
       1
       2
       0
       2
       2
       2
       3
       0
       1
       2
       0
       0
       0
       0
       2
       2
       1
       1
       3
       0
       2
       2
       3
       1
       1
       2
       1
       2
       0
       1
       4
       2
       0
       2
       1
       0
       3
       5
       0
       2
       2
       3
       1
       2
       3
       1
       1
       1
       2
       0
       1
       1
       3
       5
       1
       0
       2
       2
       2
       1
       1
       0
       2
       3
       2
       5
       3
       2
       1
       3
       3
       2
       4
       2
       3
       4
       1
       2
       0
       3
       3
       0
       4
       2
       0
       1
       4
       1
       1
       0
       3
       3
       1
       1
       1
       3
       3
       3
       3
       5
       3
       2
       2
       4
       6
       7
       2
       4
       4
       1
       4
       0
       3
       3
       2
       1
       1
       3
       2
       5
       6
       5
       2
       7
       2
       9
       4
       2
       3
       4
       5
       4
       7
       2
       0
       4
       5
       2
       6
       2
       3
       2
       3
       2
       3
       3
       3
       9
       6
       1
       3
       4
       4
       4
       6
       2
       5
       7
       4
       6
       4
       4
       5
       3
       4
       3
       6
       6
       7
       5
       4
       7
       5
       3
       6
       8
       6
       4
      13
       4
       5
       3
       8
       9
       7
       4
      12
       6
       6
       6
       6
       6
       7
       7
       6
      11
       6
       7
       5
       3
       7
       5
       8
       5
       5
       6
      10
      11
      15
      16
      14
       9
       9
      11
      12
      10
       7
       6
      12
      14
      12
      12
       9
      16
      10
      15
      13
      14
      10
      12
      10
      12
      14
      13
      17
      15
      15
      15
      16
      13
      19
      18
      18
      17
      17
      19
      30
      23
      18
      24
      22
      14
      19
      21
      32
      29
      30
      24
      25
      23
      28
      33
      36
      35
      26
      35
      32
      33
      41
      37
      40
      59
      47
      39
      43
      48
      42
      54
      56
      51
      47
      67
      76
      76
      68
      91
      62
      86
      81
      90
      66
      98
      75
     100
      97
      90
      91
     105
      96
     114
     123
      98
     109
     105
     109
     114
     116
      99
     117
     103
     111
     124
     114
     113
     116
      91
      91
     108
      98
     100
      89
      76
      76
      83
      91
      91
      66
      84
      66
      73
      76
      60
      58
      62
      53
      56
      46
      40
      43
      47
      41
      40
      36
      39
      35
      28
      29
      33
      21
      27
      22
      29
      15
      11
      24
      15
      17
      19
      19
      11
       9
      11
      14
       8
       1
       2
       9
       6
       7
       8
       6
       5
       5
       5
       2
       4
       2
       8
       0
       5
       6
       2
       0
       2
       2
       3
       3
       3
       3
       1
       2
       4
       1
       1
       5
       4
       1
       1
       1
       2
       3
       2
       1
       1
       1
       0
       6
       1
       2
       4
       2
       0
       2
       0
       2
       3
       2
       2
       3
       5
       1
       5
       1
       0
       3
       2
       4
       0
       3
       1
       2
       1
       0
       1
       1
       2
       0
       1
       0
       1
       0
       1
       1
       0
       0
       0
       0
       2
       1
       1
       0
       2
       0
       1
       1
       1
       2
       1
       0
       0
       0
       0
       1
       0
       0
       0
       0
       0
       0
       0
       3
       1
       1
       0
       1
       1
       1
       2
       0
       1
       1
       1
       1
       0
       2
       0
       4
       0
       0
       2
       2
       0
       2
       0
       1
       2
       2
       2
       0
       1
       0
       0
       0
       0
       0
       0
       0
       0
       0
       1
       0
       0
       0
       1
       1
       1
       1
       0
       1
       1
       1
       0
       0
       1
       0
       0
       0
       0
       2
       1
       1
       0
       1
       0
       0
       0
       0
       0
       0
       1
       1
       0
       0
       1
       0
       0
       2
       1
       1
       0
       0
       2
       0
       0
       2
       1
       2
       1
       0
       1
       0
       1
       0
       1
       0
       0
       0
       0
       0
       1
       1
       0
       1
       0
       0
       0
       0
       0
       2
       1
       0
       0
       0
       2
       1
       0
       0
       0
       0
       0
       0
       0
       1
       0
       0
       0
       0
       0
       0
       0
       0
       0
       0
       0
       0
       0
       0
       0
       1
       0
       0
       0
       0
       0
       0
       0
       0
       0
       0
       0
       1
       0
       0
       0
       0
       1
       1
       2
       0
       0
       0
       0
       0
       0
       0
       0
       0
       0
       0
       0
       0
       0
       1
       0
       0
       2
       0
       0
       0
       0
       0
       0
       0
       0
       0
       1
       0
       1
       0
       0
       0
       0
       0
       0
       0
       0
       0
       0
       0
       0
       0
       1
       0
       0
       0
       1
       0
       1
       0
       0
       2
       0
       1
       0
       0
       0
       0
       1
       0
       0
       0
       0
       0
       0
       0
       0
       0
       2
       0
       0
       0
       0
       0
       1
       2
       0
       0
       1
       0
       1
       0
       0
       0
       0
       0
       0
       1
       0
       0
       0
       0
       0
       0
       0
       0
       0
       2
       0
       0
       2
       0
       0
       0
       0
       1
       0
       1
       1
       0
       1
       0
       0
       0
       0
       0
       1
       0
       0
       0
       0
       2
       2
       1
       0
       0
       0
       2
       1
       1
       3
       4
       1
       1
       1
       0
       0
       0
       3
       1
       0
       1
       0
       0
       0
       2
       4
       6
       3
       2
       6
       5
       5
      14
       9
       5
      11
      11
      25
      16
      25
      41
      39
      56
      48
      55
      38
      27
      19
       7
       6
       5
       5
      17
      24
      31
      15
      10
       2
       3
       2
       1
       2
       6
       3
       4
       6
       3
       4
       7
       3
       6
       1
      19
      15
      15
      50
      77
      40
      68
     430
     103
      53
     173
     150
    1253
    6210
     144
     123
     249
      76
       9
       0
       0
       0
       0
       1
       0
       0
       0
       0
       0
      18
       4
       0
       0
       0
       0
       0
       0
       0
       0
       0
       0
       0
       0
       0
       0
       0
       0
       0
       0
       0
       0
       0
       0
       0
       0
       0
       0
       0
       0
       0
       0
       0
       0
       0
       0
       0
       0
       0
       0
       0
       0
       0
       0
       0
       0
       0
       0
       0
       0
       0
       0
       0
       0
       0
       0
       0
       0
       0
       0
       0
       0
       0
       0
       0
       0
       0
       0
       0
       0
       0
       0
       0
       0
       0
       0
       0
       0
       0
       0
       0
       0
       0
       0
       0
       0
       0
       0
       0
       0
       0
       0
       0
       0
       0
       0
       0
       0
       0
       0
       0
       0
       0
       0
       0
       0
       0
       0
       0
       0
       0
       0
       0
       0
       0
       0
       0
       0
       0
       0
       0
       0
       0
       0
       0
       0
       0
       0
       0
       0
       0
       0
       0
       0
       0
       0
       0
       0
       0
       0
       0
       0
       0
       0
       0
       0
       0
       0
       0
       0
       0
       0
       0
       0
       0
       0
       0
       0
       0
       0
       0
       0
       0
       0
       0
       0
       0
       0
       0
       0
       0
       0
       0
       0
       0
       0
       0
       0
       0
       0
       0
       0
       0
       0
       0
       0
       0
       0
       0
       0
       0
       0
       0
       0
       0
       0
       0
       0
       0
       0
       0
       0
       0
       0
       0
       0
       0
       0
       0
       0
       0
       0
       0
       0
       0
       0
       0
       0
       0
       0
       0
       0
       0
       0
       0
       0
       0
       0
       0
       0
       0
       0
       0
       0
       0
       0
       0
       0
       0
       0
       0
       0
       0
       0
       0
       0
       0
       0
       0
       0
       0
       0
       0
       0
       0
       0
       0
       0
       0
       0
       0
       0
       0
       0
       0
       0
       0
       0
       0
       0
       0
       0
       0
       0
       0
       0
       0
       0
       0
       0
       0
       0
       0
       0
       0
       0
       0
       0
       0
       0
       0
       0
       0
       0
       0
       0
       0
       0
       0
       0
       0
       0
       0
       0
       0
       0
       0
       0
       0
       0
       0
       0
       0
       0
       0
       0
       0
       0
       0
       0
       0
       0
       0
       0
       0
       0
       0
       0
       0
       0
       0
       0
       0
       0
       0
       0
       0
       0
       0
       0
       0
       0
       0
       0
       0
       0
       0
       0
       0
       0
       0
       0
       0
       0
       0
       0
       0
       0
       0
       0
       0
       0
       0
       0
       0
       0
       0
       0
       0
       0
       0
       0
       0
       0
       0
       0
       0
       0
       0
       0
       0
       0
       0
       0
       0
       0
       0
       0
       0
       0
       0
       0
       0
       0
       0
       0
       0
       0
       0
       0
       0
       0
       0
       0
       0
       0
       0
       0
       0
       0
       0
       0
       0
       0
       0
       0
       0
       0
       0
       0
       0
       0
       0
       0
       0
       0
       0
       0
       0
       0
       0
       0
       0
       0
       0
       0
       0
       0
       0
       0
       0
       0
       0
       0
       0
       0
       0
       0
       0
       0
       0
       0
       0
       0
       0
       0
       0
       0
       0
       0
       0
       0
       0
       0
       0
       0
       0
       0
       0
       0
       0
       0
       0
       0
       0
       0
       0
       0
       0
       0
       0
       0
       0
       0
       0
       0
       0
       0
       0
       0
       0
       0
       0
       0
       0
       0
       0
       0
       0
       0
       0
       0
       0
       0
       0
       0
       0
       0
       0
       0
       0
       0
       0
       0
       0
       0
       0
       0
       0
       0
       0
       0
       0
       0
       0
       0
       0
       0
       0
       0
       0
       0
       0
       0
       0
       0
       0
       0
       0
       0
       0
       0
       0
       0
       0
       0
       0
       0
       0
       0
       0
       0
       0
       0
       0
       0
       0
       0
       0
       0
       0
       0
       0
       0
       0
       0
       0
       0
       0
       0
       0
       0
       0
       0
       0
       0
       0
       0
       0
       0
       0
       0
       0
       0
       0
       0
       0
       0
       0
       0
       0
       0
       0
       0
       0
       0
       0
       0
       0
       0
       0
       0
       0
       0
       0
       0
       0
       0
       0
       0
       0
       0
       0
       0
       0
       0
       0
       0
       0
       0
       0
       0
       0
       0
       0
       0
       0
       0
       0
       0
       0
       0
       0
       0
       0
       0
       0
       0
       0
       0
       0
       0
       0
       0
       0
       0
       0
       0
       0
       0
       0
       0
       0
       0
       0
       0
       0
       0
       0
       0
       0
       0
       0
       0
       0
       0
       0
       0
       0
       0
       0
       0
       0
       0
       0
       0
       0
       0
       0
       0
       0
       0
       0
       0
       0
       0
       0
       0
       0
       0
       0
       0
       0
       0
       0
       0
       0
       0
       0
       0
       0
       0
       0
       0
       0
       0
       0
       0
       0
       0
       0
       0
       0
       0
       0
       0
       0
       0
       0
       0
       0
       0
       0
       0
       0
       0
       0
       0
       0
       0
       0
       0
       0
       0
       0
       0
       0
       0
       0
       0
       0
       0
       0
       0
       0
       0
       0
       0
       0
       0
       0
       0
       0
       0
       0
       0
       0
       0
       0
       0
       0
       0
       0
       0
       0
       0
       0
       0
       0
       0
       0
       0
       0
       0
       0
       0
       0
       0
       0
       0
       0
       0
       0
       0
       0
       0
       0
       0
       0
       0
       0
       0
       0
       0
       0
       0
       0
       0
       0
       0
       0
       0
       0
       0
       0
       0
       0
       0
       0
       0
       0
       0
       0
       0
       0
       0
       0
       0
       0
       0
       0
       0
       0
       0
       0
       0
       0
       0
       0
       0
       0
       0
       0
       0
       0
       0
       0
       0
       0
       0
       0
       0
       0
       0
       0
       0
       0
       0
       0
       0
       0
       0
       0
       0
       0
       0
       0
       0
       0
       0
       0
       0
       0
       0
       0
       0
       0
       0
       0
       0
       0
       0
       0
       0
       0
       0
       0
       0
       0
       0
       0
       0
       0
       0
       0
       0
       0
       0
       0
       0
       0
       0
       0
       0
       0
       0
       0
       0
       0
       0
       0
       0
       0
       0
       0
       0
       0
       0
       0
       0
       0
       0
       0
       0
       0
       0
       0
       0
       0
       0
       0
       0
       0
       0
       0
       0
       0
       0
       0
       0
       0
       0
       0
       0
       0
       0
       0
       0
       0
       0
       0
       0
       0
       0
       0
       0
       0
       0
       0
       0
       0
       0
       0
       0
       0
       0
       0
       0
       0
       0
       0
       0
       0
       0
       0
       0
       0
       0
       0
       0
       0
       0
       0
       0
       0
       0
       0
       0
       0
       0
       0
       0
       0
       0
       0
       0
       0
       0
       0
       0
       0
       0
       0
       0
       0
       0
       0
       0
       0
       0
       0
       0
       0
       0
       0
       0
       0
       0
       0
       0
       0
       0
       0
       0
       0
       0
       0
       0
       0
       0
       0
       0
       0
       0
       0
       0
       0
       0
       0
       0
       0
       0
       0
       0
       0
       0
       0
       0
       0
       0
       0
       0
       0
       0
       0
       0
       0
       0
       0
       0
       0
       0
       0
       0
       0
       0
       0
       0
       0
       0
       0
       0
       0
       0
       0
       0
       0
       0
       0
       0
       0
       0
       0
       0
       0
       0
       0
       0
       0
       0
       0
       0
       0
       0
       0
       0
       0
       0
       0
       0
       0
       0
       0
       0
       0
       0
       0
       0
       0
       0
       0
       0
       0
       0
       0
       0
       0
       0
       0
       0
       0
       0
       0
       0
       0
       0
       0
       0
       0
       0
       0
       0
       0
       0
       0
       0
       0
       0
       0
       0
       0
       0
       0
       0
       0
       0
       0
       0
       0
       0
       0
       0
       0
       0
       0
       0
       0
       0
       0
       0
       0
       0
       0
       0
       0
       0
       0
       0
       0
       0
       0
       0
       0
       0
       0
       0
       0
       0
       0
       0
       0
       0
       0
       0
       0
       0
       0
       0
       0
       0
       0
       0
       0
       0
       0
       0
       0
       0
       0
       0
       0
       0
       0
       0
       0
       0
       0
       0
       0
       0
       0
       0
       0
       0
       0
       0
       0
       0
       0
       0
       0
       0
       0
       0
       0
       0
       0
       0
       0
       0
       0
       0
       0
       0
       0
       0
       0
       0
       0
       0
       0
       0
       0
       0
       0
       0
       0
       0
       0
       0
       0
       0
       0
       0
       0
       0
       0
       0
       0
       0
       0
       0
       0
       0
       0
       0
       0
       0
       0
       0
       0
       0
       0
       0
       0
       0
       0
       0
       0
       0
       0
       0
       0
       0
       0
       0
       0
       0
       0
       0
       0
       0
       0
       0
       0
       0
       0
       0
       0
       0
       0
       0
       0
       0
       0
       0
       0
       0
       0
       0
       0
       0
       0
       0
       0
       0
       0
       0
       0
       0
       0
       0
       0
       0
       0
       0
       0
       0
       0
       0
       0
       0
       0
       0
       0
       0
       0
       0
       0
       0
       0
       0
       0
       0
       0
       0
       0
       0
       0
       0
       0
       0
       0
       0
       0
       0
       0
       0
       0
       0
       0
       0
       0
       0
       0
       0
       0
       0
       0
       0
       0
       0
       0
       0
       0
       0
       0
       0
       0
       0
       0
       0
       0
       0
       0
       0
       0
       0
       0
       0
       0
       0
       0
       0
       0
       0
       0
       0
       0
       0
       0
       0
       0
       0
       0
       0
       0
       0
       0
       0
       0
       0
       0
       0
       0
       0
       0
       0
       0
       0
       0
       0
       0
       0
       0
       0
       0
       0
       0
       0
       0
       0
       0
       0
       0
       0
       0
       0
       0
       0
       0
       0
       0
       0
       0
       0
       0
       0
       0
       0
       0
       0
       0
       0
       0
       0
       0
       0
       0
       0
       0
       0
       0
       0
       0
       0
       0
       0
       0
       0
       0
       0
       0
       0
       0
       0
       0
       0
       0
       0
       0
       0
       0
       0
       0
       0
       0
       0
       0
       0
       0
       0
       0
       0
       0
       0
       0
       0
       0
       0
       0
       0
       0
       0
       0
       0
       0
       0
       0
       0
       0
       0
       0
       0
       0
       0
       0
       0
       0
       0
       0
       0
       0
       0
       0
       0
       0
       0
       0
       0
       0
       0
       0
       0
       0
       0
       0
       0
       0
       0
       0
       0
       0
       0
       0
       0
       0
       0
       0
       0
       0
       0
       0
       0
       0
       0
       0
       0
       0
       0
       0
       0
       0
       0
       0
       0
       0
       0
       0
       0
       0
       0
       0
       0
       0
       0
       0
       0
       0
       0
       0
       0
       0
       0
       0
       0
       0
       0
       0
       0
       0
       0
       0
       0
       0
       0
       0
       0
       0
       0
       0
       0
       0
       0
       0
       0
       0
       0
       0
       0
       0
       0
       0
       0
       0
       0
       0
       0
       0
       0
       0
       0
       0
       0
       0
       0
       0
       0
       0
       0
       0
       0
       0
       0
       0
       0
       0
       0
       0
       0
       0
       0
       0
       0
       0
       0
       0
       0
       0
       0
       0
       0
       0
       0
       0
       0
       0
       0
       0
       0
       0
       0
       0
       0
       0
       0
       0
       0
       0
       0
       0
       0
       0
       0
       0
       0
       0
       0
       0
       0
       0
       0
       0
       0
       0
       0
       0
       0
       0
       0
       0
       0
       0
       0
       0
       0
       0
       0
       0
       0
       0
       0
       0
       0
       0
       0
       0
       0
       0
       0
       0
       0
       0
       0
       0
       0
       0
       0
       0
       0
       0
       0
       0
       0
       0
       0
       0
       0
       0
       0
       0
       0
       0
       0
       0
       0
       0
       0
       0
       0
       0
       0
       0
       0
       0
       0
       0
       0
       0
       0
       0
       0
       0
       0
       0
       0
       0
       0
       0
       0
       0
       0
       0
       0
       0
       0
       0
       0
       0
       0
       0
       0
       0
       0
       0
       0
       0
       0
       0
       0
       0
       0
       0
       0
       0
       0
       0
       0
       0
       0
       0
       0
       0
       0
       0
       0
       0
       0
       0
       0
       0
       0
       0
       0
       0
       0
       0
       0
       0
       0
       0
       0
       0
       0
       0
       0
       0
       0
       0
       0
       0
       0
       0
       0
       0
       0
       0
       0
       0
       0
       0
       0
       0
       0
       0
       0
       0
       0
       0
       0
       0
       0
       0
       0
       0
       0
       0
       0
       0
       0
       0
       0
       0
       0
       0
       0
       0
       0
       0
       0
       0
       0
       0
       0
       0
       0
       0
       0
       0
       0
       0
       0
       0
       0
       0
       0
       0
       0
       0
       0
       0
       0
       0
       0
       0
       0
       0
       0
       0
       0
       0
       0
       0
       0
       0
       0
       0
       0
       0
       0
       0
       0
       0
       0
       0
       0
       0
       0
       0
       0
       0
       0
       0
       0
       0
       0
       0
       0
       0
       0
       0
       0
       0
       0
       0
       0
       0
       0
       0
       0
       0
       0
       0
       0
       0
       0
       0
       0
       0
       0
       0
       0
       0
       0
       0
       0
       0
       0
       0
       0
       0
       0
       0
       0
       0
       0
       0
       0
       0
       0
       0
       0
       0
       0
       0
       0
       0
       0
       0
       0
       0
       0
       0
       0
       0
       0
       0
       0
       0
       0
       0
       0
       0
       0
       0
       0
       0
       0
       0
       0
       0
       0
       0
       0
       0
       0
       0
       0
       0
       0
       0
       0
       0
       0
       0
       0
       0
       0
       0
       0
       0
       0
       0
       0
       0
       0
       0
       0
       0
       0
       0
       0
       0
       0
       0
       0
       0
       0
       0
       0
       0
       0
       0
       0
       0
       0
       0
       0
       0
       0
       0
       0
       0
       0
       0
       0
       0
       0
       0
       0
       0
       0
       0
       0
       0
       0
       0
       0
       0
       0
       0
       0
       0
       0
       0
       0
       0
       0
       0
       0
       0
       0
       0
       0
       0
       0
       0
       0
       0
       0
       0
       0
       0
       0
       0
       0
       0
       0
       0
       0
       0
       0
       0
       0
       0
       0
       0
       0
       0
       0
       0
       0
       0
       0
       0
       0
       0
       0
       0
       0
       0
       0
       0
       0
       0
       0
       0
       0
       0
       0
       0
       0
       0
       0
       0
       0
       0
       0
       0
       0
       0
       0
       0
       0
       0
       0
       0
       0
       0
       0
       0
       0
       0
       0
       0
       0
       0
       0
       0
       0
       0
       0
       0
       0
       0
       0
       0
       0
       0
       0
       0
       0
       0
       0
       0
       0
       0
       0
       0
       0
       0
       0
       0
       0
       0
       0
       0
       0
       0
       0
       0
       0
       0
       0
       0
       0
       0
       0
       0
       0
       0
       0
       0
       0
       0
       0
       0
       0
       0
       0
       0
       0
       0
       0
       0
       0
       0
       0
       0
       0
       0
       0
       0
       0
       0
       0
       0
       0
       0
       0
       0
       0
       0
       0
       0
       0
       0
       0
       0
       0
       0
       0
       0
       0
       0
       0
       0
       0
       0
       0
       0
       0
       0
       0
       0
       0
       0
       0
       0
       0
       0
       0
       0
       0
       0
       0
       0
       0
       0
       0
       0
       0
       0
       0
       0
       0
       0
       0
       0
       0
       0
       0
       0
       0
       0
       0
       0
       0
       0
       0
       0
       0
       0
       0
       0
       0
       0
       0
       0
       0
       0
       0
       0
       0
       0
       0
       0
       0
       0
       0
       0
       0
       0
       0
       0
       0
       0
       0
       0
       0
       0
       0
       0
       0
       0
       0
       0
       0
       0
       0
       0
       0
       0
       0
       0
       0
       0
       0
       0
       0
       0
       0
       0
       0
       0
       0
       0
       0
       0
       0
       0
       0
       0
       0
       0
       0
       0
       0
       0
       0
       0
       0
       0
       0
       0
       0
       0
       0
       0
       0
       0
       0
       0
       0
       0
       0
       0
       0
       0
       0
       0
       0
       0
       0
       0
       0
       0
       0
       0
       0
       0
       0
       0
       0
       0
       0
       0
       0
       0
       0
       0
       0
       0
       0
       0
       0
       0
       0
       0
       0
       0
       0
       0
       0
       0
       0
       0
       0
       0
       0
       0
       0
       0
       0
       0
       0
       0
       0
       0
       0
       0
       0
       0
       0
       0
       0
       0
       0
       0
       0
       0
       0
       0
       0
       0
       0
       0
       0
       0
       0
       0
       0
       0
       0
       0
       0
       0
       0
       0
       0
       0
       0
       0
       0
       0
       0
       0
       0
       0
       0
       0
       0
       0
       0
       0
       0
       0
       0
       0
       0
       0
       0
       0
       0
       0
       0
       0
       0
       0
       0
       0
       0
       0
       0
       0
       0
       0
       0
       0
       0
       0
       0
       0
       0
       0
       0
       0
       0
       0
       0
       0
       0
       0
       0
       0
       0
       0
       0
       0
       0
       0
       0
       0
       0
       0
       0
       0
       0
       0
       0
       0
       0
       0
       0
       0
       0
       0
       0
       0
       0
       0
       0
       0
       0
       0
       0
       0
       0
       0
       0
       0
       0
       0
       0
       0
       0
       0
       0
       0
       0
       0
       0
       0
       0
       0
       0
       0
       0
       0
       0
       0
       0
       0
       0
       0
       0
       0
       0
       0
       0
       0
       0
       0
       0
       0
       0
       0
       0
       0
       0
       0
       0
       0
       0
       0
       0
       0
       0
       0
       0
       0
       0
       0
       0
       0
       0
       0
       0
       0
       0
       0
       0
       0
       0
       0
       0
       0
       0
       0
       0
       0
       0
       0
       0
       0
       0
       0
       0
       0
       0
       0
       0
       0
       0
       0
       0
       0
       0
       0
       0
       0
       0
       0
       0
       0
       0
       0
       0
       0
       0
       0
       0
       0
       0
       0
       0
       0
       0
       0
       0
       0
       0
       0
       0
       0
       0
       0
       0
       0
       0
       0
       0
       0
       0
       0
       0
       0
       0
       0
       0
       0
       0
       0
       0
       0
       0
       0
       0
       0
       0
       0
       0
       0
       0
       0
       0
       0
       0
       0
       0
       0
       0
       0
       0
       0
       0
       0
       0
       0
       0
       0
       0
       0
       0
       0
       0
       0
       0
       0
       0
       0
       0
       0
       0
       0
       0
       0
       0
       0
       0
       0
       0
       0
       0
       0
       0
       0
       0
       0
       0
       0
       0
       0
       0
       0
       0
       0
       0
       0
       0
       0
       0
       0
       0
       0
       0
       0
       0
       0
       0
       0
       0
       0
       0
       0
       0
       0
       0
       0
       0
       0
       0
       0
       0
       0
       0
       0
       0
       0
       0
       0
       0
       0
       0
       0
       0
       0
       0
       0
       0
       0
       0
       0
       0
       0
       0
       0
       0
       0
       0
       0
       0
       0
       0
       0
       0
       0
       0
       0
       0
       0
       0
       0
       0
       0
       0
       0
       0
       0
       0
       0
       0
       0
       0
       0
       0
       0
       0
       0
       0
       0
       0
       0
       0
       0
       0
       0
       0
       0
       0
       0
       0
       0
       0
       0
       0
       0
       0
       0
       0
       0
       0
       0
       0
       0
       0
       0
       0
       0
       0
       0
       0
       0
       0
       0
       0
       0
       0
       0
       0
       0
       0
       0
       0
       0
       0
       0
       0
       0
       0
       0
       0
       0
       0
       0
       0
       0
       0
       0
       0
       0
       0
       0
       0
       0
       0
       0
       0
       0
       0
       0
       0
       0
       0
       0
       0
       0
       0
       0
       0
       0
       0
       0
       0
       0
       0
       0
       0
       0
       0
       0
       0
       0
       0
       0
       0
       0
       0
       0
       0
       0
       0
       0
       0
       0
       0
       0
       0
       0
       0
       0
       0
       0
       0
       0
       0
       0
       0
       0
       0
       0
       0
       0
       0
       0
       0
       0
       0
       0
       0
       0
       0
       0
       0
       0
       0
       0
       0
       0
       0
       0
       0
       0
       0
       0
       0
       0
       0
       0
       0
       0
       0
       0
       0
       0
       0
       0
       0
       0
       0
       0
       0
       0
       0
       0
       0
       0
       0
       0
       0
       0
       0
       0
       0
       0
       0
       0
       0
       0
       0
       0
       0
       0
       0
       0
       0
       0
       0
       0
       0
       0
       0
       0
       0
       0
       0
       0
       0
       0
       0
       0
       0
       0
       0
       0
       0
       0
       0
       0
       0
       0
       0
       0
       0
       0
       0
       0
       0
       0
       0
       0
       0
       0
       0
       0
       0
       0
       0
       0
       0
       0
       0
       0
       0
       0
       0
       0
       0
       0
       0
       0
       0
       0
       0
       0
       0
       0
       0
       0
       0
       0
       0
       0
       0
       0
       0
       0
       0
       0
       0
       0
       0
       0
       0
       0
       0
       0
       0
       0
       0
       0
       0
       0
       0
       0
       0
       0
       0
       0
       0
       0
       0
       0
       0
       0
       0
       0
       0
       0
       0
       0
       0
       0
       0
       0
       0
       0
       0
       0
       0
       0
       0
       0
       0
       0
       0
       0
       0
       0
       0
       0
       0
       0
       0
       0
       0
       0
       0
       0
       0
       0
       0
       0
       0
       0
       0
       0
       0
       0
       0
       0
       0
       0
       0
       0
       0
       0
       0
       0
       0
       0
       0
       0
       0
       0
       0
       0
       0
       0
       0
       0
       0
       0
       0
       0
       0
       0
       0
       0
       0
       0
       0
       0
       0
       0
       0
       0
       0
       0
       0
       0
       0
       0
       0
       0
       0
       0
       0
       0
       0
       0
       0
       0
       0
       0
       0
       0
       0
       0
       0
       0
       0
       0
       0
       0
       0
       0
       0
       0
       0
       0
       0
       0
       0
       0
       0
       0
       0
       0
       0
       0
       0
       0
       0
       0
       0
       0
       0
       0
       0
       0
       0
       0
       0
       0
       0
       0
       0
       0
       0
       0
       0
       0
       0
       0
       0
       0
       0
       0
       0
       0
       0
       0
       0
       0
       0
       0
       0
       0
       0
       0
       0
       0
       0
       0
       0
       0
       0
       0
       0
       0
       0
       0
       0
       0
       0
       0
       0
       0
       0
       0
       0
       0
       0
       0
       0
       0
       0
       0
       0
       0
       0
       0
       0
       0
       0
       0
       0
       0
       0
       0
       0
       0
       0
       0
       0
       0
       0
       0
       0
       0
       0
       0
       0
       0
       0
       0
       0
       0
       0
       0
       0
       0
       0
       0
       0
       0
       0
       0
       0
       0
       0
       0
       0
       0
       0
       0
       0
       0
       0
       0
       0
       0
       0
       0
       0
       0
       0
       0
       0
       0
       0
       0
       0
       0
       0
       0
       0
       0
       0
       0
       0
       0
       0
       0
       0
       0
       0
       0
       0
       0
       0
       0
       0
       0
       0
       0
       0
       0
       0
       0
       0
       0
       0
       0
       0
       0
       0
       0
       0
       0
       0
       0
       0
       0
       0
       0
       0
       0
       0
       0
       0
       0
       0
       0
       0
       0
       0
       0
       0
       0
       0
       0
       0
       0
       0
       0
       0
       0
       0
       0
       0
       0
       0
       0
       0
       0
       0
       0
       0
       0
       0
       0
       0
       0
       0
       0
       0
       0
       0
       0
       0
       0
       0
       0
       0
       0
       0
       0
       0
       0
       0
       0
       0
       0
       0
       0
       0
       0
       0
       0
       0
       0
       0
       0
       0
       0
       0
       0
       0
       0
       0
       0
       0
       0
       0
       0
       0
       0
       0
       0
       0
       0
       0
       0
       0
       0
       0
       0
       0
       0
       0
       0
       0
       0
       0
       0
       0
       0
       0
       0
       0
       0
       0
       0
       0
       0
       0
       0
       0
       0
       0
       0
       0
       0
       0
       0
       0
       0
       0
       0
       0
       0
       0
       0
       0
       0
       0
       0
       0
       0
       0
       0
       0
       0
       0
       0
       0
       0
       0
       0
       0
       0
       0
       0
       0
       0
       0
       0
       0
       0
       0
       0
       0
       0
       0
       0
       0
       0
       0
       0
       0
       0
       0
       0
       0
       0
       0
       0
       0
       0
       0
       0
       0
       0
       0
       0
       0
       0
       0
       0
       0
       0
       0
       0
       0
       0
       0
       0
       0
       0
       0
       0
       0
       0
       0
       0
       0
       0
       0
       0
       0
       0
       0
       0
       0
       0
       0
       0
       0
       0
       0
       0
       0
       0
       0
       0
       0
       0
       0
       0
       0
       0
       0
       0
       0
       0
       0
       0
       0
       0
       0
       0
       0
       0
       0
       0
       0
       0
       0
       0
       0
       0
       0
       0
       0
       0
       0
       0
       0
       0
       0
       0
       0
       0
       0
       0
       0
       0
       0
       0
       0
       0
       0
       0
       0
       0
       0
       0
       0
       0
       0
       0
       0
       0
       0
       0
       0
       0
       0
       0
       0
       0
       0
       0
       0
       0
       0
       0
       0
       0
       0
       0
       0
       0
       0
       0
       0
       0
       0
       0
       0
       0
       0
       0
       0
       0
       0
       0
       0
       0
       0
       0
       0
       0
       0
       0
       0
       0
       0
       0
       0
       0
       0
       0
       0
       0
       0
       0
       0
       0
       0
       0
       0
       0
       0
       0
       0
       0
       0
       0
       0
       0
       0
       0
       0
       0
       0
       0
       0
       0
       0
       0
       0
       0
       0
       0
       0
       0
       0
       0
       0
       0
       0
       0
       0
       0
       0
       0
       0
       0
       0
       0
       0
       0
       0
       0
       0
       0
       0
       0
       0
       0
       0
       0
       0
       0
       0
       0
       0
       0
       0
       0
       0
       0
       0
       0
       0
       0
       0
       0
       0
$ROI:
7
947 1630
2367 2591
2629 2977
3203 3285
3489 3553
3874 3968
4209 4441
$PRESETS:
None
0
0
$ENER_FIT:
3961.415283 0.551329
$MCA_CAL:
3
3.961415E+003 5.513285E-001 -6.437650E-006 keV
$SHAPE_CAL:
3
0.000000E+000 0.000000E+000 0.000000E+000
